7.817308109884478995e+01 1.144676016717107947e+00
6.138757838004744372e+01 5.335258996735166903e+00
5.338105922523167379e+01 3.953135987439260646e+01
5.655013270140369741e+01 2.553393245799662736e+01
6.919925489872704816e+01 -1.041663046007450744e+00
5.518524044246204596e+01 2.461743539927519464e+01
5.525217525474169378e+01 5.088295333161329204e+00
6.953559808175980095e+01 9.621099029740584285e+00
8.339171611272632845e+01 4.819248080650949007e+00
6.307676607417354830e+01 1.124993751737846814e+01
7.152564251348111668e+01 -2.059812072527316129e+00
7.686710157118702114e+01 -1.298429592139644095e-01
7.580504438482658713e+01 9.317956196497636512e+00
6.826552432775906709e+01 9.049807982288127661e+00
5.845673817091947910e+01 1.930464387022784223e+00
5.159249606315419356e+01 3.240237678250539766e+00
5.098611017574734205e+01 3.486776560776830536e+01
5.101221199184793420e+01 7.708010376647248307e+00
6.148863511197328791e+01 8.657914385362706966e+00
6.242946992564114339e+01 -9.113648908010056893e-01
7.222245351700365745e+01 1.307428417930124809e+01
6.139372589710512784e+01 -3.638136163222251973e-01
5.199515664024445272e+01 1.450566501450397894e+01
7.075842927545153316e+01 -6.089397671374435106e+00
7.175056457338529015e+01 -3.484826815468940797e+00
5.281685515560186417e+01 3.374503487898397935e+01
7.084823805576216671e+01 -2.147068058862109829e+00
7.651638670740689463e+01 4.129197500325595627e+00
5.390006861155762152e+01 4.330022720232888922e+00
6.219753496138195459e+01 8.585874294691688391e+00
5.924850816528962838e+01 5.430803092654465480e+00
6.636167518694007583e+01 1.656536599206926419e-01
5.646675443803342631e+01 3.346702610490304153e+01
4.898349587552798567e+01 2.645247488388882928e+01
6.163886070950376705e+01 1.271811190965146565e+01
7.442938118985237850e+01 1.128534459512852806e+01
6.081625711765940423e+01 1.154039062804157467e+00
6.083115529843517066e+01 1.128336072879309171e+01
6.171111882242740876e+01 8.333038255420763818e+00
5.888711284555213865e+01 1.341661459582184968e+00
4.244669183281307312e+01 3.404961612272333582e+01
5.761286502278729671e+01 4.333569551596641034e+00
6.737791412564661186e+01 1.316311430595392906e+01
4.898451866407298638e+01 2.030982500461719553e+01
4.884864964589984737e+01 2.921432558129075474e+01
6.591323168596386495e+01 1.442712118760880813e+01
7.490933927396766023e+01 5.710851760506868047e+00
6.511920711184642130e+01 -1.602864914582760036e-01
5.771341311364406579e+01 2.160797038058381148e+01
4.943217484405528239e+01 2.932562077717191329e+01
6.675702555540873107e+01 5.378344370428385091e+00
5.764329386359165852e+01 8.910643935491146195e+00
6.021439771468190827e+01 9.982253709365114247e+00
6.476917428351084993e+01 1.659403294003971396e+01
7.114130447295313786e+01 6.693476608179972365e-01
6.667071054256149409e+01 3.785919122930890168e+00
7.806092946793168608e+01 -7.623017871788551503e+00
4.956657130063261718e+01 3.376925103834862796e+01
5.303773622948749278e+01 2.391831431103094729e+01
6.882833849050219044e+01 -4.217705549949513966e+00
5.100981162012242009e+01 2.705751165102599387e+01
4.674528973445984548e+01 2.631848033982435808e+01
7.898330287516759540e+01 -2.997992141490694262e+00
7.767221976729528876e+01 7.124350860261873919e+00
5.594883334758172566e+01 -5.179659039201959914e+00
5.730298799140555843e+01 3.560935628860527657e+01
6.212828355560822047e+01 1.377050631567241012e+01
5.848535762954964667e+01 5.495673839556252105e+00
8.403662142673783819e+01 -5.617566969075685535e+00
5.774571051593790116e+01 1.564611515654873131e+01
6.789572402368247594e+01 -2.409284077852428041e+00
6.956798022975395668e+01 -3.255830761175495525e+00
5.037227736472344475e+01 7.735215349999601031e+00
5.459221190787424405e+01 -3.702809636938420468e+00
4.980776051199127608e+01 3.320858449353900710e+01
5.898634450043837774e+01 1.335022043946022130e+01
4.732841198852637632e+01 6.424383244761505019e+00
7.434468470172350862e+01 4.870365281975292504e+00
6.340231282415194869e+01 7.315342253103763070e+00
7.421352117973853524e+01 -2.154782183413584296e+00
5.331665878024498539e+01 -1.469745090575356627e+00
5.131144904606369295e+01 3.718892177583911973e+01
5.647150292143800954e+01 1.237040700066624588e+01
7.231143592933514697e+01 -8.288669510143926722e-01
5.857417380271004959e+01 -3.855885888676890971e-02
5.214425121236460114e+01 2.974246288440411234e+01
7.763648226080661630e+01 -1.810167835170808592e+00
6.195168720203062662e+01 1.494573953937063138e+01
4.922417603502587014e+01 3.540556773599072926e+01
7.281002894310370266e+01 7.385436653097643855e+00
7.290431392722962300e+01 -7.343630719228865900e+00
6.383463478739692221e+01 7.464107753725168770e-01
5.736098681232063257e+01 8.979455145869735588e+00
5.129678598873586282e+01 5.443043951857753804e+00
7.096817579345854199e+01 3.445545958112041784e+00
6.262716265864713705e+01 3.002091528551943611e+00
6.038334740124935252e+01 2.217327409516808068e+00
5.042737412324579083e+01 2.927683843575432476e+01
5.712547869922715194e+01 3.030846752513281217e+01
5.406540870954327005e+01 4.832747526235128710e+00
5.799355232971484497e+01 2.784596744432190718e+01
5.525152570652897310e+01 1.055995703041980427e+01
7.392456324623789499e+01 4.539222360563652359e+00
5.396546507802553094e+01 1.194029071790659202e+01
5.847630609720239647e+01 3.399801078551471534e+01
5.971505275336836149e+01 8.640450245797300255e+00
5.151636427825335574e+01 2.878930535784902034e+01
7.250028975458835134e+01 -4.833871573358441864e+00
5.095052716477135846e+01 3.417356824839168894e+01
5.583196049089373503e+01 2.045776920700958179e+00
6.103961421532952158e+01 2.102339263064435215e+01
5.125857123466287391e+01 2.646349704715511209e+01
6.362366432707425190e+01 -2.334003034535944376e+00
5.983520944153391952e+01 3.335418960733131932e+00
5.462029288425608087e+01 2.824011722485780851e+01
6.349880871107475855e+01 5.704601431768752562e+00
7.028782095108770989e+01 1.865615451608582942e-01
6.772230926498646397e+01 1.907860358521524802e+00
7.937125112204503807e+01 -6.296870786076198101e+00
6.382882660359047833e+01 1.867171609953807376e+00
5.077932433444141225e+01 2.451989627136713423e+01
4.822454215391110210e+01 4.882138702939295527e+00
8.117556198545142365e+01 8.804961432459090798e-01
6.727885557242247216e+01 -6.383546421511965718e+00
5.573970599836493989e+01 3.584057803535308295e+01
7.228720760480319996e+01 -5.709682372793047023e+00
5.758709289588052371e+01 1.325695709167763781e+01
5.461238211701945744e+01 1.050176496552928995e+01
4.973788019224494406e+01 -1.362785140408995233e-01
4.453734205145769209e+01 2.899885059436607904e+01
6.019188707679363404e+01 4.458003685181436637e+00
7.981068631160485438e+01 8.504158967086917542e+00
6.361287711657656274e+01 1.464017880056998067e+01
6.430042450814563892e+01 4.445300187716295426e+00
5.135691049582917600e+01 3.349884121200586407e+01
5.196474177972505970e+01 3.053594002654917716e+01
7.155799621232237939e+01 1.805208124897361932e+00
6.055032644523159036e+01 2.976974918461668729e+00
5.479395368706840230e+01 2.683869667032151440e+01
5.446514799354992675e+01 3.112492509730462587e+01
7.143935717610371228e+01 2.984417751053558110e+00
6.841087459837419260e+01 4.443453734266235244e+00
5.657129451806588349e+01 1.110818543857478247e+01
5.370128657605506106e+01 8.259238709101790477e+00
5.707335925719661418e+01 1.133036517101907314e+01
5.023848434343431535e+01 2.920888685770173154e+01
4.936683199431863756e+01 2.933527691036827179e+01
6.118345173448486207e+01 3.608055909673307138e+00
5.197819782071007921e+01 2.979748723915474073e+01
7.056543987471805224e+01 -8.124610663759984641e-02
7.102336878943194165e+01 9.481567192674743794e+00
6.174472890559478344e+01 7.924022092970800735e+00
5.715317789201610310e+01 6.502775431950299279e+00
5.524437332608104612e+01 7.300473044991407257e+00
5.090310545952033294e+01 2.184951780764176021e+01
4.477485278888753584e+01 3.008526669397323161e+01
5.693728897157554059e+01 3.407016498243659441e+01
5.626425674546437250e+01 8.297035167408299827e+00
4.889383863716088996e+01 3.512732579162750568e+01
7.536908669774888381e+01 2.431162640192985780e+00
8.139338761896405572e+01 -1.929270691674559224e+00
5.542219544903893080e+01 1.469757492279364186e+01
5.278301085722416275e+01 2.742352343767361944e+01
5.499874564319453896e+01 9.690854644223257708e+00
6.249964390846990625e+01 -2.472177115926845303e+00
5.615314079985436990e+01 3.369562848696661916e+01
5.058196399661937193e+01 3.358367431554857774e+01
6.927765324114848511e+01 1.417747203935178213e+01
6.665055033966267217e+01 -1.079896972687587642e+01
8.104804143917183978e+01 7.871587246849523822e+00
5.759162532653113686e+01 6.831545587624875182e+00
5.674707833034607773e+01 1.533620602263300192e+01
6.576754951083781009e+01 1.847465422681606295e+00
7.629242314122856783e+01 -4.582905115212248859e+00
4.077240390084009647e+01 2.976473030578214463e+01
6.264353046924398427e+01 -3.699191923050019426e+00
6.706683534157407678e+01 5.763571491343506992e+00
6.743471256148957593e+01 9.278392112751884468e+00
6.033475595908053180e+01 2.543298967663672627e+01
6.416413056479260035e+01 7.511713479870967269e+00
7.597253311545287602e+01 -3.616787717224496213e+00
7.435836826838270497e+01 5.271439708192056983e+00
5.422105423775254707e+01 2.251578742224728202e+01
5.215199813101275339e+01 2.449208665923234207e+01
6.627942210665422351e+01 5.298268435079347860e+00
4.979924598228539168e+01 2.581731878978274608e+01
4.506486331121531919e+01 2.462698558731849374e+01
5.360335266942556842e+01 6.102629182181743772e+00
5.014160355992756735e+01 3.503441221695011620e+01
5.359184913563935737e+01 2.344677991016422425e+01
5.893786590721353491e+01 3.934324103654740057e+00
7.258770561028012480e+01 -2.490191150959687238e+00
5.966042525950292941e+01 1.274621448151957992e-01
6.698250488710280592e+01 1.323375028599157233e+01
5.670492583736999848e+01 7.658170470019030063e+00
4.659781233734015871e+01 3.153164668944681992e+01
5.335227505363987177e+01 2.105751968478648450e+01
5.201628582136018508e+01 2.498828437564920080e+01
5.194467867065402800e+01 3.524281861858142406e+01
3.768288566820453411e+01 2.918290987904831368e+01
6.053962497932285203e+01 8.921789297553480935e+00
5.869547958788850650e+01 8.636410293258348858e+00
4.928238868475096268e+01 2.917397876885070929e+01
8.360787108213338570e+01 -5.084027124491310445e+00
5.580652696291210901e+01 2.437184386560039329e+01
7.231055088665742403e+01 -1.890192437073158205e+00
7.264033586172030255e+01 -4.372782461007910015e+00
4.711131962043529597e+01 3.037169848267464189e+01
5.737239035035105417e+01 9.490649284081223769e+00
6.050665679341872760e+01 1.634084526209839794e+00
5.403562229404442974e+01 4.925892662915561715e+00
5.056365208903330455e+01 2.809727610185846558e+01
5.376529243471449604e+01 3.274005951852871021e+01
6.440359398682909386e+01 1.127623257589216266e+01
5.881494225263903530e+01 3.401514121627869258e+01
5.997806793570880046e+01 2.611687053567797179e+01
6.957139348970595449e+01 -1.010853239559745265e-01
7.497963006032206579e+01 -1.512810820313905902e+00
6.977718777380447079e+01 7.508232184015550814e+00
7.014339431268417968e+01 -4.073314950832042092e-01
6.218265314026120194e+01 9.965288825045508503e+00
6.759387023379130710e+01 -2.702184579920096308e+00
7.660602331214974470e+01 1.283380592906729012e+00
5.990531358407847051e+01 1.113186055621822490e+01
7.798076000834862498e+01 3.282848666653392922e+00
5.648002094432863629e+01 1.507779945957752332e+01
7.943738752843462692e+01 -4.499492033356343512e+00
5.629190388425408287e+01 8.050919641743716326e+00
5.647718877944248561e+01 1.534531028348729897e+01
4.326647885150846662e+01 2.787735333971539475e+01
5.200506253331593598e+01 3.572817322446223898e+01
6.937583043698072061e+01 -2.039674810231205004e+00
6.992556448563040306e+01 2.752096909941282643e+00
7.449183934663754769e+01 1.351638004392903714e+00
7.060815859485187218e+01 -1.594540262931864127e+00
4.572759807061669335e+01 6.261662741409553590e+00
6.880145525968653430e+01 -8.615319159060224052e-01
5.558772453100290534e+01 1.842925574017478141e+00
7.584880589122418826e+01 1.312342436052106320e-01
7.900965273467726036e+01 6.952855855602129154e+00
6.994103697730804470e+01 2.844643285467830740e+00
6.258708005534086283e+01 5.790506412830850991e+00
5.875976530788419439e+01 1.367721197236759956e+01
5.021211774036050457e+01 2.960051410278396133e+01
6.642103375890540917e+01 7.023375150679488144e+00
7.435137670118598407e+01 4.950246494883477899e-01
5.506289225244744756e+01 2.998125674546106723e+01
7.130771462995583931e+01 2.378271308399701134e+00
5.496299904869203345e+01 3.632954655590652493e+01
7.731134422809986972e+01 1.568204465432302963e-01
6.168747997336257782e+01 9.528355748153288118e+00
7.261235614705867647e+01 4.501452597437287650e+00
5.637746879687603752e+01 3.483553006096629190e+01
7.470280965742969670e+01 7.547448629258976638e+00
4.917185063862093131e+01 3.414331249328341045e+01
5.812436533607410638e+01 5.748416188335351507e+00
5.534156731927846806e+01 1.001362248384956466e+01
6.426650552407143380e+01 1.126764106304466218e+00
6.532335451266126825e+01 1.230791629158651190e+01
5.750894441769173682e+01 1.168978369711202703e+01
5.460776578120439950e+01 7.327666136238237371e+00
5.470400082919669416e+01 1.102123007972175550e+01
5.205291031401618795e+01 5.820273583922853433e+00
6.123735473801455242e+01 1.361157196540154324e+01
5.078513497647051622e+01 3.513706565552310934e+01
6.271048399185826838e+01 1.533222485485453035e+00
7.820705872862768615e+01 6.260721267601091711e+00
7.185926757310097912e+01 1.513519862223075219e+00
7.250804547059237848e+01 3.325986840150684798e-01
5.104355827540815937e+01 2.781495566159953370e+01
6.981435036189577659e+01 3.595689583421798563e+00
4.510607547593434674e+01 1.816517519209678966e+01
4.905548622634961475e+01 3.140697003215082006e+01
6.070179696454457030e+01 1.010944984565154847e+01
5.518657266188562716e+01 2.721566551096842090e+01
6.287049563277434316e+01 1.082752206924446092e+01
6.842830358635093546e+01 4.713726308639166973e+00
5.735794747492366952e+01 2.799232642847828600e+01
6.024404187844700687e+01 9.745864008196139849e+00
6.117727379740776428e+01 -5.331458124460358050e+00
7.247999018662861204e+01 -1.836808125594121766e+00
7.482013055531069767e+01 9.835203418769905781e+00
7.453915241453414353e+01 -1.090887982002847600e+01
4.695894280344724336e+01 3.161739881586718326e+01
5.863931958572631942e+01 1.419985577899383067e+00
5.168180960356872333e+01 3.432078846072154477e+01
4.915842072580783650e+01 3.344631534766681114e+01
5.614386956732081302e+01 8.522157110476383579e+00
5.731901167788726781e+01 7.578267866757570026e+00
7.672673864899063290e+01 -9.847410256478017487e+00
6.673027430802777360e+01 1.088655385263150244e+01
4.854607641574098409e+01 2.823129522468885355e+01
8.510821301188357779e+01 -5.822944382498613791e+00
7.868582426465603419e+01 1.423089858126894980e-01
7.177663360946657178e+01 -1.942219262319831774e+00
6.822829649040730260e+01 1.471018058341310031e+01
6.330890404346283162e+01 5.378874634159059198e+00
7.356168342336083299e+01 -5.275337789037772396e+00
7.477136535207822021e+01 -3.746614458319836860e-01
4.530745603002427657e+01 2.775919431680216576e+01
7.344600510638615276e+01 1.845024145076237465e+00
7.029481529124687711e+01 -8.391180163014915649e+00
8.033481446891917699e+01 5.483679091848486564e+00
4.018685042204089797e+01 3.422041918896331936e+01
5.587782213327731995e+01 2.244479437238717168e+01
7.266411032348061383e+01 9.936163516989372724e+00
7.356365196926834926e+01 3.602721014626463769e-01
7.404090409924175731e+01 6.361988828430030773e-01
6.938580630375470548e+01 2.448997343779925728e+00
5.758430831344558243e+01 1.305427523956751479e+01
5.493888150058298692e+01 4.151172233035740078e+01
4.592878762545771565e+01 3.037632652011618362e+01
6.128309583973229024e+01 1.629753374489698103e+01
5.922082636435249015e+01 3.181266855515470482e+01
7.420591147690066691e+01 -2.047464492172909600e-01
5.974281767993843317e+01 8.415902262449952431e+00
6.835904477263193257e+01 2.989356591130945873e+01
6.183644553326815441e+01 3.536774733315927399e+00
6.384742550424459040e+01 9.615915844640575472e+00
4.665560790922884138e+01 -5.508204214794893971e-01
7.027868390828869849e+01 2.006334422500746228e+00
8.027116449539882126e+01 6.698779489509261609e+00
6.935498989953362070e+01 4.758114687508815166e+00
6.168791649976998315e+01 3.208792574373435347e+00
6.032988899379010661e+01 -2.085876246533370448e+00
6.685137787142178922e+01 4.022922183818833375e+00
5.333056604608424323e+01 6.997140446587207130e+00
6.286911955793884488e+01 8.896883998329919052e+00
7.794740698243798249e+01 5.069278243717956656e+00
4.673763840436521377e+01 2.060296653112932219e+01
7.567593871316438481e+01 -6.552218171436136274e+00
5.599004121272966472e+01 8.324604751725324547e+00
5.747904233248294759e+01 2.346780028765203419e+00
6.147433604732716361e+01 1.448035735414630309e+01
4.953849169863142521e+01 1.967681676720389738e+00
5.529099002079284020e+01 3.250507328788722816e+01
5.386102899157804558e+01 3.502915211080271973e+01
5.745520147824584001e+01 1.060870950061328699e+01
7.431003574260189737e+01 8.311836671574003077e+00
5.806242242000300280e+01 3.466210107164174303e+01
7.346857202628402206e+01 1.504933003166363470e+01
4.866309428746974675e+01 -3.102516872168358475e+00
8.017885646398799793e+01 1.728139090091977748e+00
7.464001785356875018e+01 -3.930389061025330033e-01
4.852461432237292627e+01 7.404575133277632837e+00
7.410107734097053367e+01 2.238197642372804719e+00
4.978475025870081083e+01 2.567421007328895755e+01
6.018343660380912752e+01 2.263773901827407542e+01
5.461132607147089857e+01 2.551326298800382730e+01
5.230930531949434936e+01 2.489465878130813792e+01
5.610565112380227504e+01 2.511667925869151929e+01
7.028601127770279788e+01 6.364924614824250426e+00
7.663720461976431864e+01 -2.285233630856323916e+00
5.009125207731623419e+01 2.172217729342365899e+01
4.834650754395635630e+01 2.778848878292575364e+01
5.718721155475209628e+01 7.244900204463275983e+00
4.865174146218176787e+01 3.779942987073950267e+00
5.896007966384281929e+01 9.291065542553475609e+00
7.281993330889244476e+01 -5.663480385082205970e+00
8.244944402236392023e+01 -1.540478952406245883e+00
7.362775697412577358e+01 -6.055350940933326154e-01
5.515889306265570724e+01 3.281473884355759907e+01
6.991767135515254949e+01 8.815637035150768241e+00
4.465981750890161095e+01 4.151791343269879064e+01
4.396248559447498394e+01 2.867487142728213101e+01
6.146754890908287905e+01 1.182475303393779242e+01
5.817467165676128360e+01 2.379087577135458531e+01
7.062188143292685538e+01 -5.134468707089686390e+00
5.363994786825692529e+01 5.636259259581025916e+00
7.386989061107699683e+01 3.655761749876042632e+00
7.409202142697778015e+01 -2.703993998146652089e-01
7.393817984760696049e+01 2.470668666571582239e+00
5.750686724940589301e+01 3.057174907579413770e+01
6.467686736656332869e+01 2.422413927853035442e+00
6.094312535470851344e+01 2.608711306718702971e+01
6.936891873582250412e+01 8.530470645094769822e+00
5.874895938437432363e+01 1.776792496687935596e-01
4.707679680114674881e+01 2.832728581768868992e+01
5.591664100198991605e+01 6.165171193752446044e+00
7.061351382859653825e+01 2.359410665114306749e+00
6.139728891003323952e+01 5.480030742075436834e+00
5.702452776512990340e+01 7.420158886334996318e+00
6.552595360482617082e+01 5.878592044246158110e+00
5.536868922543051497e+01 2.484295699341672048e+01
7.659872461220878392e+01 -5.500041710968709197e+00
5.021453910087463157e+01 3.626999878405978706e-02
7.396540486137848802e+01 -1.560403019958313875e+00
4.796372643730724405e+01 2.413264224710238892e+01
8.055962063250714777e+01 -7.781660232163590152e+00
6.199066920150634274e+01 1.355574337786276828e+01
7.457226902698590720e+01 -9.027519318122392278e+00
5.265194419541201398e+01 3.092886785746220824e+01
6.705663950480392543e+01 -9.836682105032027224e+00
6.896146532969220289e+01 -1.327585059688784819e+00
7.164992056598656234e+01 3.672964489073471395e+00
5.397172718467253816e+01 3.491085988510404547e+01
5.307210712811801301e+01 5.886547937957151255e+00
5.341020610209820063e+01 2.754106367124501631e+01
7.127656727514172985e+01 7.576818760817839449e-01
7.682946958658692438e+01 7.588049580744389289e-01
7.356566633228645458e+01 -9.204015156676085496e+00
6.530066184161354670e+01 1.233432319346294648e+01
4.974752464228404847e+01 2.488161242632101988e+01
5.262649616031936972e+01 5.057950788912334517e+00
8.145483009035041277e+01 -7.413000915935743507e+00
8.184911006277891943e+01 2.534763543533893770e+00
5.025423611270841207e+01 2.570579620906899265e+01
5.463875398414923268e+01 7.019755859241492146e+00
8.249363436033323183e+01 -5.244153659513038690e+00
7.744188407246525685e+01 4.003852201799866783e-01
7.903149023796167683e+01 7.014298869886491650e-01
5.222947937387252182e+01 8.622357704826946190e-01
6.516323817293773857e+01 1.273527011147687737e+01
6.267732604476658764e+01 1.883293495099214176e+00
6.812910848847913314e+01 -8.863661635785133885e-01
6.810382076659351469e+01 -1.944962362431274183e+00
7.050710278745793858e+01 -4.025592921965886362e+00
6.845586956667787604e+01 4.357302251412562000e-01
6.119985678835681142e+01 2.879990319748432448e+00
4.532296509653250638e+01 2.338508060669684596e+01
7.593279648050156538e+01 1.941585767026883014e+00
5.490700332024312758e+01 1.276400103896388494e+01
6.398614316622014542e+01 -1.345211532590893100e+00
4.699886067007432189e+01 2.887885084917114753e+01
5.413128436481586192e+01 1.523193831324084080e+01
5.073942715117608060e+01 3.597758326716071764e+01
6.278899658988057553e+01 1.148770213191671985e+01
4.404051613725025049e+01 3.182853701988701545e+01
5.142577367595059457e+01 3.131094145261397443e+01
5.395088234571069563e+01 4.184627595745922690e+01
7.522222446695157316e+01 -1.704933371912370710e+00
5.375525020137266807e+01 2.980334748820247981e+01
5.257046815628073944e+01 -7.149993386052031497e-01
5.757267445637856440e+01 1.157155127291640895e+01
6.759526766900300743e+01 1.579961293655497201e+00
5.956481566064349664e+01 1.136880229947242782e+01
6.260364102006458609e+01 7.479024317798487864e+00
5.427330024088635696e+01 6.249800064176224801e+00
6.154429174076066289e+01 1.813074962534167867e+01
5.368396552525192078e+01 2.755106508959039147e+01
5.853393168518503131e+01 1.025965421391956589e+01
7.259058373470290348e+01 -1.346380551012575644e-02
5.842140845225685553e+01 7.137521307299156348e+00
5.299764452590409292e+01 1.888488471460818374e+01
4.725151310133048099e+01 2.795636782905160800e+01
7.281131825137053681e+01 3.712135141381962988e+00
4.989926873335088686e+01 1.970195297675722657e+01
6.954829062816439489e+01 8.291615280671525312e+00
6.120275131417824355e+01 3.865381041970890408e+01
5.552425359844593089e+01 9.285941562367936442e+00
6.779008669545422094e+01 8.868135113589810103e-01
5.849399658473470964e+01 2.308864842401179729e+00
7.850727877824643031e+01 -1.089538397751953624e+01
5.808874977851118615e+01 4.984013094146452438e+00
5.743323893409434078e+01 6.036826687637128153e+00
6.776374352004120283e+01 1.916016300290222796e-01
7.637513010416880377e+01 -3.825310347499413233e+00
7.424364790148210602e+01 3.381606541426788404e+00
4.993545026005548237e+01 2.581593165596934014e+01
4.978206490247869453e+01 3.435906497470364229e+01
5.062276708209883225e+01 2.842911269498883442e+01
6.509252976364068388e+01 3.156882492943458018e+00
5.391563304390923150e+01 5.845328013775050735e-01
5.241693630948664406e+01 2.110893835670209739e+01
6.985597461451470735e+01 -8.707978577227200034e+00
5.002259938201125067e+01 2.533271798977089873e+01
7.448195331882705261e+01 3.854176099696118740e+00
8.143932594425130844e+01 -7.531629163132192772e+00
6.230715941504001876e+01 7.118476440262304195e+00
5.163574862620458106e+01 3.012456322902654549e+01
7.739136771653332403e+01 4.182085037387208715e+00
5.031500469679325960e+01 2.814748371421666917e+01
7.039166712817235805e+01 -8.832675021885284750e+00
5.933700067140102874e+01 5.898072824493279853e+00
5.747847522475434801e+01 5.569877293970554533e+00
6.034860685880140352e+01 2.370600461183278185e+01
7.101927981412737267e+01 -3.449495246906547075e-01
5.852749242531326246e+01 2.827261339827311559e+01
5.437256745416198811e+01 2.168456382703360674e+01
5.723878802198774451e+01 5.227462422560984479e+00
5.337463598818577282e+01 3.880120509069559631e+01
6.108240314976819008e+01 2.806420865508648177e+01
4.625552151666124701e+01 1.203528795478502822e+01
4.786574824000076944e+01 3.667766111644393590e+01
5.023753908885061747e+01 3.517458795319681286e+01
7.312843829780597105e+01 6.529431003419585267e+00
4.963153337552966349e+01 3.222692023411789108e+01
7.711548954950256984e+01 1.096046151845951222e+01
5.768332856711618462e+01 2.804898581132803415e+01
7.906489291082509396e+01 5.165573837435911031e+00
4.714583430749032544e+01 2.874466167658879456e+01
4.970231985036723188e+01 2.051616152438723972e+01
7.590476304232281279e+01 1.734622582663009616e-01
4.931229698144591822e+01 2.990358800780514414e+01
6.162045953819556843e+01 2.666391180276785455e+00
5.745023577235384238e+01 1.263109195734411117e+01
5.360141468522390085e+01 2.394654140090948147e+01
5.418014878843548132e+01 2.215807494708816883e+00
6.919627865148352441e+01 3.620462250983651931e+00
5.184499607744423599e+01 3.763076062264463673e+01
5.586387979973505935e+01 2.587802337436775346e+01
7.171910068978644404e+01 -1.491158232086806645e+00
4.898187006576825553e+01 2.650772993571663250e+01
4.279081543465939319e+01 3.042419633744027152e+01
6.778978213229545702e+01 1.059834226915317501e+01
8.245163435740262514e+01 -8.626426522825461518e+00
5.461036776858657760e+01 2.572936474703787724e+01
7.075789609899325683e+01 -1.996172622941433161e+00
8.045831134137803531e+01 -1.461183543139597418e+00
5.683063217343195817e+01 6.121537465653108079e+00
5.099465872895613217e+01 3.471108893038956467e+01
5.748689780224258072e+01 -4.688457561873120127e+00
6.727838674767433247e+01 9.843214217670334776e+00
5.347692700725837511e+01 3.136470743876261480e+01
7.562731071653414006e+01 -3.104185968460420053e+00
4.871394195397260063e+01 2.635772604231950567e+01
5.198426940234013216e+01 2.255201195990780505e+01
6.232001523075373939e+01 4.299957658956101270e+00
5.458664446563975048e+01 2.047792843582226396e+01
6.215073493686481498e+01 5.295467917309167660e+00
7.333414874304170894e+01 6.231194678818704702e+00
4.725328894203138219e+01 3.915520487896509749e+00
8.145774128814939274e+01 -7.115202585860828322e+00
5.700468403035389287e+01 1.159579892234466847e+01
6.691898315601454783e+01 7.862562369485024405e+00
7.253837827760487755e+01 6.107153266030801220e+00
5.501615903728334445e+01 2.547859483026654814e+01
5.250018017027380068e+01 1.044882558565316089e+00
6.340145536589550090e+01 7.298940311753526977e+00
5.741321803418800584e+01 7.436816600463074245e+00
4.742891948091858012e+01 2.968046583275295092e+01
8.022286339346098316e+01 8.882938233012458440e+00
4.769550733198694559e+01 2.782577808347414461e+01
5.025699085083967077e+01 5.118063425670399624e+00
7.523426584280053930e+01 1.957603297718665258e+00
7.353914977342711268e+01 4.000014252521461700e+00
6.028904438151340628e+01 6.333863253599948173e+00
5.010139756069581551e+01 3.210765829832930507e+01
7.216085472080381180e+01 -7.248106714279352047e-01
5.263296780480782644e+01 3.525397043984641954e+01
5.812493472404519679e+01 2.074321486216215504e+01
7.360857428857936213e+01 9.609592957718823825e-02
5.031926755948397556e+01 2.058040080948568473e+01
5.461257193814775945e+01 3.652257451187337267e+01
5.809789632243742830e+01 3.020878575836724167e+01
6.276800498403507333e+01 4.311731712428112928e+00
6.733064075367178702e+01 -4.110990536500576553e+00
5.405596910357913032e+01 2.617314898725589245e+01
5.074118813237770098e+01 1.965574040917258003e+01
5.836668837667353671e+01 2.552834501828156988e+01
7.101968330091068538e+01 8.364205692796581104e+00
5.134623915899963720e+01 3.293243866203242476e+01
4.768355075122862274e+01 2.041378541196574758e+01
5.956419269480600320e+01 -3.733906576262896237e+00
6.949174127591012962e+01 4.003151678605835428e+00
5.957258063806337134e+01 3.555851041562480930e+01
7.661617325456782623e+01 -1.390292114196771145e+01
7.334694989601227633e+01 -4.033718185388236677e+00
7.228640398189587302e+01 7.663900259957351579e+00
7.009358728014306905e+01 1.048846541935967203e+01
7.260017830165350006e+01 4.005564760381517431e+00
7.940734365190931499e+01 -5.745037988431994647e-02
7.446156303880046323e+01 -3.300365634334004650e+00
5.199973997953721749e+01 2.288765389045634535e+01
8.239665732195402370e+01 -5.028368939286249173e+00
6.530501162146804006e+01 5.832537144963879427e+00
5.726270077617601117e+01 3.930187630425139744e+00
4.859498068204465682e+01 2.871268851951800372e+01
5.440182564027190892e+01 3.362274526046866896e+01
5.449739430327855416e+01 6.085207927443077480e+00
4.676293706299404107e+01 2.877059407510333955e+01
5.981792042005548637e+01 8.785304658275080669e+00
5.660206129227918126e+01 1.969827063072108331e+01
6.478871044477514829e+01 5.101734302352234351e-01
6.389508713341186308e+01 5.718052255952033036e+00
7.172723154998570294e+01 -1.139543877725682997e+01
6.213254417567313226e+01 7.684636492206050384e+00
7.659151990736739890e+01 -4.366647311591430380e+00
5.388642737205381650e+01 1.280360905394802629e+01
5.077299282504243649e+01 2.892338912409420715e+01
6.202724562863898683e+01 1.043068252195267043e+01
4.779222848431790283e+01 3.034045265026190208e+01
5.427148952679702631e+01 3.393549349936630932e+01
5.981316057246044693e+01 9.750132875913809727e+00
5.451882790743349005e+01 2.667928223979662761e+01
7.143245480779084744e+01 4.785335356859658162e+00
7.942860375406561957e+01 1.722699978729563819e+00
7.950566208935849488e+01 4.170898360023974405e+00
6.213490838678372796e+01 3.249093436461929940e+01
6.390676741587519416e+01 6.044515677958100852e+00
6.232485626420208291e+01 5.994141967250438796e+00
7.900779196926760051e+01 -3.271840142505567872e+00
8.052221448872626297e+01 4.159965196463822679e+00
6.286903357638329481e+01 1.178885121113306056e+01
5.825667015341113597e+01 8.147264063117251709e+00
5.655611308248092683e+01 1.434156698787643869e+01
5.710814416448009467e+01 4.106173311903146939e+00
5.312473073135510049e+01 2.467756131760602045e+01
7.585068486699395862e+01 2.756641413225029424e+00
7.176572765128835840e+01 7.122462995811287279e-01
7.682430439722331528e+01 2.286511856176715873e-01
4.916859245047725580e+01 3.369611539373994447e+01
5.236593683602728078e+01 3.522064275993496807e+01
4.862821961298340057e+01 3.378854771107724275e+01
4.681599884879839379e+01 1.650504974071916209e+00
5.587436074594282331e+01 2.699478104252341382e+01
7.619717715932225133e+01 5.739048944156134313e-01
5.379697951822898006e+01 3.497174570146762562e+01
6.148249837801589024e+01 6.723137945776723967e+00
6.045487456665981085e+01 6.064522537810735692e+00
5.374169935116851349e+01 5.632529202935050883e+00
7.469665966392456369e+01 1.276972166868788561e+00
7.403591670732951968e+01 -7.635507353887796000e+00
5.316016550379151084e+01 5.599976959990512704e+00
5.862050133599471025e+01 -7.550977175196923241e+00
7.738609164136596519e+01 -1.564391213710359629e+01
5.254461558581021308e+01 2.004004367938136966e+01
6.192413511911234991e+01 1.240888073834620720e+01
6.648596564227244698e+01 -6.980787808594596910e+00
4.755352156529110630e+01 2.731118699252607129e+01
7.462355082542592299e+01 -3.982215039244671129e+00
7.548541248560793804e+01 5.365827848042739490e+00
5.490393362838990043e+01 4.843496178563085230e+00
7.563457687679107266e+01 2.881993276018086636e+00
7.204925326809937758e+01 1.201163394240991877e+01
7.751039460211049459e+01 -1.409838967236387397e+01
4.514900236178596060e+01 3.029479754656076906e+01
6.044880149118346679e+01 5.187548047888236091e+00
6.061245635729642345e+01 1.376906694159336730e+01
5.294457889042751475e+01 9.395825088277689474e+00
5.798301540920408570e+01 5.210577334799272542e+00
5.384115605920482750e+01 3.009620727863090650e+01
5.794310916618027818e+01 9.947170484957545966e+00
7.456376932378236688e+01 -3.076088995927988901e+00
6.066109573756619966e+01 5.218025775254608867e+00
6.307139609215847287e+01 3.310113371284636941e+01
5.583663579522730913e+01 2.962372495337378453e+01
5.070423039391999964e+01 3.488294830825093129e+01
5.677186135037411674e+01 9.423479125109860632e+00
7.098261329856984503e+01 -1.758835454630825135e+00
5.901063864750964427e+01 9.937601579696680787e+00
5.532740781194881663e+01 3.436440224700416479e+01
5.447463228173255345e+01 2.667337570761964116e+01
5.211857980158043802e+01 1.598784236716701734e+01
8.012425301548971390e+01 -3.396244333023929585e+00
5.724107281872395703e+01 1.544045213119838245e+01
6.799806443586581395e+01 -2.910431320619557116e+00
5.172525030943972979e+01 3.517423288172721385e+01
7.134420050544008518e+01 1.684638970975375738e+00
5.034447418616012726e+01 1.243314628503287622e+01
5.214161091060325504e+01 2.614188253837844655e+01
5.718021217543739709e+01 2.545445760036583494e+01
4.743617949545710388e+01 2.950186293066255061e+01
6.028146472436245062e+01 2.807924451521722986e+01
4.533776291539462733e+01 3.810514349939911938e+01
5.728199945900774281e+01 3.250454021234924795e+01
5.080066812280541200e+01 1.257574467669353524e+01
7.122917287466148650e+01 3.186682957611469025e+00
7.711743377159764634e+01 5.360653887369645432e+00
5.558373474320486451e+01 4.584992980702195631e+00
6.240359983561561563e+01 1.190898748892288062e+01
6.320837511331333047e+01 6.675976974946808973e+00
7.487282257626165460e+01 -4.602032716395594747e+00
6.322116290160761309e+01 7.628365171109347642e+00
6.877708343881242570e+01 2.906927706736904149e+00
6.463225672392856325e+01 7.442637674705974149e+00
5.698512109790369351e+01 2.811653264284834108e+01
4.778992814587356008e+01 2.882290626791562715e+01
5.974578203304285751e+01 8.414378652212807452e+00
7.012153002269565150e+01 -4.483283316666073048e+00
5.536930275655978306e+01 8.673524199294723402e+00
7.696007307485685089e+01 7.645708618735390649e-01
7.661285791308768012e+01 4.076790822582673002e+00
6.196195478589972083e+01 1.032563703655028142e+01
7.618284722811502263e+01 -1.627632568965393212e+00
5.666527811909075041e+01 -4.493860091619936270e+00
7.906097928474250125e+01 -4.244271697861933257e-01
7.206389262234689852e+01 -1.126321387096503868e+00
5.210345203233182332e+01 3.324017320115958540e+01
6.805688428434044113e+01 4.657567467323344701e-01
5.614141410721321535e+01 3.021080936429597585e+01
6.762268358559582282e+01 1.926613755257365668e+00
6.425026386042696913e+01 -4.508372595384521730e+00
6.501306939670206475e+01 7.022941818213139342e+00
7.205653968901614803e+01 -6.635916290093858194e+00
4.955527693871143669e+01 2.723755152231642285e+01
7.379511048371536219e+01 9.087715934839570853e-01
7.109424044370382489e+01 -2.330331914033158203e+00
6.505831593411129177e+01 1.164977557606773573e+01
7.731146146346289072e+01 -6.810777193492468129e+00
5.782600133878116111e+01 8.158852865220470818e+00
5.922389610806486360e+01 3.676727125586149114e+00
5.215684708545475701e+01 2.630392347254946372e+01
6.173239948016048828e+01 3.946941197509132593e+01
7.285358860302200412e+01 8.244790770822515213e+00
6.034027378291857246e+01 8.264999658690964424e+00
5.771149166729274782e+01 1.223783756506918863e+01
4.959184734603571343e+01 3.215317125537718823e+01
5.269605033451175302e+01 2.976239062426903814e+01
4.795502463055782982e+01 3.034567248784457760e+01
5.260937781324464879e+01 2.931080478743110618e+01
4.887875941320926643e+01 3.268035946435476546e+01
6.717999021983897023e+01 -3.722944879343957902e-01
7.797143259171943441e+01 1.431518547182311529e+00
6.753308007260886825e+01 -7.500057860945798183e+00
4.638070215375810790e+01 2.725912943523187693e+01
7.461831024276675350e+01 4.506313743515374171e+00
7.950610932038640044e+01 -1.670665449071681019e+00
7.088321282584334426e+01 3.596772385728860932e+00
6.691050969764324918e+01 3.255162777275542041e+00
7.744039916015442770e+01 -1.479560830760288770e+00
5.650857856260611811e+01 3.085564840660417119e+01
4.857166103143419633e+01 2.833258172665339458e+01
4.508669293008051682e+01 3.149282256155432691e+01
5.098824797061335090e+01 3.116728210328685833e+01
6.685970053202218821e+01 -2.184201660599482508e+00
5.390384835862548130e+01 2.742321931266164370e+01
5.861865522106640469e+01 6.359509514427649002e+00
5.777004109468720117e+01 2.633388102511938200e+01
7.253717765652611149e+01 -2.589467912046992559e+00
6.171267445933521145e+01 9.468404692887602891e+00
6.845955889964456276e+01 -2.179871662854285130e+00
6.920782922169149742e+01 7.253016499830957642e+00
5.379692698052145516e+01 3.763278514866526336e+01
7.032572098600749655e+01 4.516032054137895102e+00
7.230251155860881340e+01 -3.946361594600334977e-01
5.995795183107711068e+01 5.175830728112387646e+00
5.503685623862533305e+01 3.138649171632238222e+01
6.967472227839820675e+01 2.572636065367503111e+00
5.028501339603758424e+01 2.722481008673236147e+01
4.253116011881655112e+01 3.281465531689132575e+01
5.128299059854830233e+01 2.971288110081302491e+01
7.076122495122341149e+01 2.841455751319739598e+00
8.099298444416081111e+01 -6.352415819903464822e+00
7.449491335684193416e+01 1.388365319137261800e+00
6.107780959812797050e+01 8.719917702090953071e+00
5.464819046337891706e+01 7.514904885144809477e+00
8.047367050599929428e+01 -2.091942081967969269e+00
5.255520550695558768e+01 1.960839330041004303e+01
5.133362736264574977e+01 8.600053211447962198e+00
5.522455839654864462e+01 9.431312895085776304e+00
8.087121024989703244e+01 -4.388903827580707961e-01
6.514612360259623358e+01 2.153769837796773778e+00
6.462577752950298304e+01 1.431768400037811695e+00
7.509635499907142275e+01 -8.593155092380635907e+00
7.554453787514650287e+01 8.327835129996490338e+00
7.057775346941386374e+01 5.915226268840743984e+00
6.688024077035436221e+01 4.474006277801892750e+00
5.694632298282827776e+01 4.975918246272328815e+00
5.636926206507880721e+01 1.410190711503792294e+01
8.324063176971887401e+01 -4.667662285695651780e-01
6.840330202591573538e+01 5.988803335970327879e+00
6.128584099633727078e+01 1.172955622134603715e+01
6.263430311257186389e+01 6.909810932568260178e+00
6.079286108358755314e+01 8.125390505331381519e+00
7.520033815125076160e+01 3.851269726729298348e+00
6.235887199015425608e+01 -5.808497849254299794e+00
5.400943403983824709e+01 6.953023434742172881e+00
7.457863455827177290e+01 -2.272883690681339441e+00
4.949403208912056584e+01 3.280555112925181760e+01
6.824475814934699258e+01 -6.158135235795187512e+00
5.844372623824012436e+01 2.008224182977659034e+00
6.446379228755472468e+01 1.338021298911395363e+01
4.153530334609327213e+01 2.815444121899473728e+01
5.773944026756490189e+01 3.138713383276408209e+01
5.962025257186053295e+01 1.070424709116912609e+01
7.579435753327109637e+01 -5.224030579115048312e+00
7.878595830657449994e+01 2.444545602529523354e+00
5.188144935993260276e+01 2.563240139916344162e+01
7.364550194672602856e+01 5.185182224852399102e+00
4.989400754251833803e+01 1.267191293032168886e+01
6.913651226101346481e+01 -3.718706965996574354e-01
5.586759459214602686e+01 2.844066025368949369e+01
7.421411139507216603e+01 4.993981770847513157e-01
7.066034367045750741e+01 4.882727995069031102e-01
5.874541016287531647e+01 4.299505397248889693e+00
6.065805299186799715e+01 -5.246466783021613622e+00
5.242394918704903972e+01 2.636729113918646306e+01
6.211846495630475573e+01 8.406995689606176825e+00
5.193666967372526244e+01 6.379689566928409050e+00
7.152094379570453953e+01 -6.433983389440681155e-02
6.008364916616514506e+01 1.569839559315621003e+01
7.055722097235501167e+01 -1.411108223495066660e+01
5.251807482756428413e+01 3.307080075250185303e+01
5.175281463972235940e+01 3.187615981337367899e+01
7.279156688748399517e+01 -1.653663940197194648e+00
7.264687014104838170e+01 8.076093856807057492e+00
5.665373159950016202e+01 3.517895322476424269e+01
7.993117747844328846e+01 4.821219422750440131e+00
5.549078510395317920e+01 3.365137385804778347e+01
5.920842589101248876e+01 9.768504400534380849e+00
7.470443971290849561e+01 -7.006693778460720168e+00
7.492828266274317173e+01 8.718895375424223770e-01
6.063098794904683331e+01 7.196904603261774724e+00
7.789787752974137902e+01 -4.022430473215750979e+00
5.711367662314663818e+01 8.825985957029491402e+00
5.855019290030718793e+01 3.631943499526752106e+01
7.193796182216173918e+01 -3.408370147414379603e-01
5.267300207858383487e+01 1.154334066255988667e+01
6.480958678171603538e+01 -5.621264244453255898e+00
5.020360690107715840e+01 2.946704402237063292e+01
5.862112763644377367e+01 8.635069854036323989e+00
5.718934805325837090e+01 7.009133133767635471e+00
5.748102366992304013e+01 7.361549582029887517e+00
6.397312520103356803e+01 1.445956192578834631e+01
6.314932943222287065e+01 5.792921405270027080e+00
8.252137148751425855e+01 9.267516910043827494e+00
7.173303667371732217e+01 4.963312974951899492e-01
6.069907720779972493e+01 8.076987540947937916e+00
7.164048412399290555e+01 1.742628463092435798e+00
6.507595798215351124e+01 -9.261561058499936383e-01
6.095847620047213411e+01 7.316864073903700749e+00
7.363833391715047583e+01 -2.374682313434738068e-02
5.639780644555629863e+01 3.368922830210238573e+01
4.313499812408398526e+01 2.847838643835411787e+01
5.972409480574388141e+01 1.059622523732583588e+01
6.766030438504164124e+01 2.201141106951276072e+00
6.518098375496064989e+01 3.413057916555269600e+01
8.077195333813300238e+01 -8.851041057920566502e+00
8.291593543337951644e+01 -7.285328934601375650e+00
5.457402812093150857e+01 3.156823858897652357e+01
6.923000972297745648e+01 1.928834567653497700e+00
5.869158756799453869e+01 8.275814725843282815e+00
5.953156583990845974e+01 3.997067920749289627e+00
5.456994327546690471e+01 7.340896505414765016e+00
5.824553253511928830e+01 1.108488587364298894e+01
7.310710319319423434e+01 1.131120901632205022e+00
6.728688300284157719e+01 1.156002776183764169e+01
7.409364273434704273e+01 -3.631094371968182077e+00
3.914831962242861607e+01 2.697105463666949632e+01
6.712413968006674736e+01 5.209515136535123325e+00
7.920162035185676075e+01 7.730639807034769717e+00
5.363667925318200957e+01 3.790586652490426900e+01
4.675594819736922148e+01 3.331762717879826852e+01
5.821427834735954576e+01 6.269954378426686681e+00
5.319359191846001522e+01 2.460527450277507810e+01
5.261747340969775166e+01 2.725111021868304206e+01
5.441628723401742462e+01 3.852071383324852860e+01
7.044374635793815287e+01 5.516366105868019787e+00
5.872711388127177656e+01 8.474045274110084236e+00
4.382221511782872625e+01 2.480839210236901593e+01
6.377750791025046340e+01 1.066827284947642340e+01
5.226755337580923566e+01 3.043601381638902126e+01
6.434669046392372138e+01 1.361202785168807594e+01
7.599899266526115582e+01 8.779425267004722144e+00
5.565152696202497395e+01 2.300147596980553288e+01
5.465605440715850705e+01 3.553721674732049252e+01
4.409659112599049280e+01 3.298064846670666128e+01
6.431952930794929557e+01 1.987034849600460618e+00
6.252744743888472101e+01 2.209845322794645739e-02
7.275663842661386127e+01 7.560335904122156947e+00
5.079267547432516494e+01 2.375415403060253539e+01
7.003721924269716226e+01 4.971733628636757274e+00
6.028435177414313273e+01 3.245290647893570579e-01
4.931815485349525829e+01 3.329822830460599903e+01
4.747994529438958011e+01 2.742172922170801996e+01
6.044066000291448404e+01 3.262580723155756601e+01
5.571857634791332714e+01 -3.902681096699955887e-01
5.190869105931701455e+01 2.657448267671755104e+01
4.482005433452847853e+01 2.492874536373086514e+01
6.359065221306096305e+01 -2.816376669292507184e+00
7.360463206015434423e+01 -8.103242736209251618e+00
5.020978936455590258e+01 2.906842738080164423e+01
7.414763733676451807e+01 8.404164548676909874e+00
7.793266877291459593e+01 7.834004627839583179e+00
7.097006503733507543e+01 7.248824746498085503e+00
7.165408586901126853e+01 -5.860983104464947857e+00
5.489295151123408800e+01 1.910723898816555177e+01
5.759645002574767148e+01 2.326334795944714884e+01
5.697604949580305345e+01 4.099390558798984330e+01
6.295620866551645634e+01 -1.143998212487411337e+01
5.839287715440627835e+01 2.857885531144478719e+01
5.601195096031958087e+01 2.552392841289837833e+01
5.680436040498756256e+01 2.069727541994637043e+00
7.243904565309956922e+01 1.805807698176479459e+00
5.765263174278007341e+01 3.244420627096486953e+01
5.235009798725648977e+01 3.295019858071707830e+01
7.257917442237028638e+01 -5.023801089065271341e+00
5.410229114783488313e+01 5.698763043263480377e+00
7.674404131862527834e+01 6.315914555593678870e+00
6.395141103909655556e+01 3.194528351123623100e+00
6.031193445690304600e+01 5.460209122442844176e+00
4.762524752543311024e+01 2.410799496227729932e+01
6.330100009635151537e+01 1.472219357128321349e+01
6.846528090014341217e+01 5.859798106298683251e+00
7.331639160538919953e+01 5.451245205524115178e+00
5.316399318997703460e+01 6.372930644435943037e+00
6.450043150289154426e+01 5.374894816358187555e+00
5.785037096531223000e+01 9.035854746655164860e+00
5.759324996506254735e+01 1.028711294352427785e+01
5.778856670593332012e+01 2.936877730455615776e+01
4.984038224076929424e+01 3.316355459450593912e+01
6.505400740858767961e+01 9.106859520427516230e+00
6.904317404662857882e+01 2.909710727389129392e+00
6.927966495291985893e+01 7.523856395814581433e+00
6.860018569779217046e+01 -1.781733104448390614e+00
5.093096875843873050e+01 2.946975827266204817e+01
6.684346585921747419e+01 -8.103085303070866274e+00
5.631587693856856447e+01 2.922944408329397348e+01
7.515329970302445872e+01 -1.926416540601884719e+00
4.866747061772747429e+01 3.086630855507700488e+01
6.591437141571904590e+01 3.524537976854086985e+00
6.791312614541466530e+01 -2.369470199365172336e-01
6.630771006011188717e+01 2.799883786959905585e+00
6.121268434809903169e+01 1.439878309969417458e+01
5.124115874518581393e+01 2.759860639387494530e+01
6.257369852199894922e+01 9.876247087164173877e+00
4.286295446996354741e+01 3.265484825983105566e+01
6.250036232936562186e+01 7.597018181114502333e+00
8.172726177701908057e+01 -4.397999946787296111e+00
5.520585993832867189e+01 1.514415318440916458e+01
7.041461428176972959e+01 -1.688324416356237423e+00
5.160836827446303232e+01 3.557453378587185000e+01
4.909588448099415103e+01 3.864944851384164792e+01
4.563877891634327710e+01 2.934665026857179981e+01
4.982484941014342184e+01 2.667370320066226341e+01
6.192253090439666607e+01 3.563230240262159398e+00
4.687121956003052503e+01 2.853903130973019131e+01
7.341436710833343682e+01 7.556558262824822236e+00
5.145220896658391041e+01 2.048950767601613521e+01
5.145795737901284639e+01 2.222226025353747758e+01
5.130541706843971639e+01 3.351927712196736309e+01
5.500306489447494585e+01 1.266268726498304353e+00
6.141387380052442779e+01 8.488025690088099040e+00
6.400352519380112426e+01 7.959653997218585353e+00
5.947707940196679033e+01 6.432348550726200820e+00
7.967939945020502535e+01 2.361567524643076454e-01
6.298807901487078453e+01 1.119372722491845984e+01
5.010397668833434182e+01 2.966830650359864308e+01
8.011450996663437252e+01 -2.821993305734387669e-01
4.844508832532894615e+01 2.856410631553315937e+01
5.718614148717016832e+01 8.168277188976182046e+00
5.476797064179478980e+01 1.234420090429903105e+01
6.476562492712915287e+01 5.383112268970624115e+00
5.722721165894307660e+01 5.355080004850227837e+00
5.825752101847919562e+01 1.068923095818940538e+01
5.421116230863253804e+01 1.920339985493430390e+01
6.762145661433399368e+01 -7.642487222217970722e-01
5.953623650774018472e+01 1.248953077816486257e+01
6.583709927373779180e+01 1.536806027302929589e+00
4.927686602853383846e+01 2.743988063444232495e+01
7.492647555660747116e+01 1.102154010981680088e+00
5.585464106305095555e+01 3.077036600711108250e+01
5.490570183051114128e+01 1.528788813000997493e+01
7.366035805418391647e+01 -1.003257257947231196e+00
7.432505436253161690e+01 -2.654687168215967397e+00
6.758238877779635345e+01 5.013516188141416308e+00
5.070954354859012625e+01 2.592361841598446048e+01
5.268223490620282945e+01 3.097944019992117859e+01
4.485259170029296882e+01 2.955230647429663904e+01
7.850458910149829705e+01 -4.403931270983902913e-01
4.880219220833331661e+01 2.494645757385609031e+01
7.659625087509273555e+01 6.895232922608782289e+00
5.849834850334626424e+01 4.201163295815794285e+00
5.822831484060962737e+01 3.642188426654361599e+00
5.567744104260639659e+01 3.839449177761714793e+01
4.891703075339646034e+01 2.998856372097978351e+01
7.916744087618664594e+01 -2.984644465906370225e+00
5.386384923201716646e+01 3.784495038670127087e+01
7.848857119918382352e+01 1.361928078297605316e+00
7.003780972559191298e+01 -8.321023065491404580e+00
6.051575263603905341e+01 1.327599343205918103e+01
6.629079516245235482e+01 -4.694063969667583436e-01
6.591641758012256957e+01 1.413470993073141280e+00
5.016740856074228105e+01 3.675777479685572047e+01
7.114211156607100861e+01 2.292541131842536384e+00
5.209540300593614148e+01 3.451712962556742070e+01
6.072057861840165316e+01 -5.274653212370225219e+00
6.383811941238599275e+01 3.031747144095534807e+00
6.926113770480236553e+01 -1.692689802440727753e-01
5.765499125629824562e+01 3.612364579972563661e+01
5.563720898064262599e+01 6.028492466999389343e+00
5.230058780752640502e+01 3.040854220666518515e+01
7.740647964419522964e+01 3.528725449890801613e+00
6.601506342609521027e+01 -2.934490417285226638e+00
5.434660344504961671e+01 -9.376917209948381071e-01
7.213893648652879165e+01 -6.017580273303170246e-01
7.436031183046578974e+01 -6.581685860245828579e+00
6.528535364870562319e+01 3.428499507538944169e+00
6.460849517697390354e+01 1.108180798372271347e+00
7.042363857750828515e+01 3.860103926492583604e+00
6.229601258146461618e+01 6.948771114226096834e+00
6.125268472992046043e+01 8.261410401266413572e+00
7.992833588465201444e+01 -4.989082794152414735e+00
5.670503042133812954e+01 4.446872465036828537e+00
5.369215742548766457e+01 3.084615861509299251e+01
7.069434944290871670e+01 -3.137369763233073705e+00
6.547081766613942477e+01 8.382897540524975710e+00
5.474243149179373802e+01 1.167557732201655263e+01
4.540096064099940776e+01 2.128567009825138001e+01
8.224742991270416326e+01 5.649815310317197969e+00
6.347537736202531278e+01 7.746163754040775729e+00
6.334019527036386421e+01 1.993738407669938795e+01
6.705364965135589728e+01 -1.253792262765222709e+00
5.739891364401528762e+01 1.406408754714239784e+01
7.818019194964608687e+01 2.388578631802964036e+00
5.359508676920368231e+01 1.346442525228218123e+01
5.250774535167747814e+01 3.360275225155763934e+01
7.362189725135390006e+01 2.289583085901836235e+00
6.814401219941399290e+01 5.915073578581753644e+00
