1.243710954179663375e+01 3.762399685046110420e+01
2.022005349921112938e+01 2.564997792247163844e+00
1.072490836995384633e+01 3.458423118790275907e+01
8.265271717107552263e+01 9.066003247717030433e+01
7.786183985986461664e+01 8.637544671652969441e+01
8.134141822967534097e+01 9.101676145706284160e+01
2.441568524238601512e+01 3.443124508688286767e+01
2.056561968385813088e+01 8.734858298834859980e-01
7.095717237260267041e+00 3.455723814144283068e+01
8.060012848391372131e+01 8.634710468190351662e+01
8.269568897664380813e+01 8.358143157005278567e+01
2.057652097738791142e+01 1.085083556147226602e+01
8.599340288520657793e+01 8.201910662210325142e+01
9.256175485461492158e+00 3.409200046065072343e+01
1.012748402010515747e+01 -1.711625840472756011e+00
8.404020181674090040e+00 4.103481021421858088e+01
8.595973151944338042e+01 8.100939899749076289e+01
8.997685459750613290e+01 7.999931050935360588e+01
1.661404538736767478e+01 8.155195203492704437e+00
1.906341328773741495e+01 3.188510025571083872e+00
8.268935916732903024e+01 7.895905694999102309e+01
1.759171710165892932e+01 3.999288365989061589e+01
1.443021350984329843e+01 3.242494256485979065e+01
9.712394911220496141e+00 3.536806421367892739e+01
1.311864667564702280e+01 3.048067789685218898e+01
7.993016262848939846e+01 8.226919692480247193e+01
1.865855211848192852e+01 3.460484575480474945e+01
8.890672845177685701e+01 7.890251088199605078e+01
7.718047855444108052e+01 7.844842734269671780e+01
9.482673652702833067e+01 8.595071011222069046e+01
2.982776108501204249e+01 -4.577074915941039990e+00
1.591966629717767390e+01 5.455480880970470459e+00
1.504885697706440695e+01 3.721763328831657702e+01
2.336089325098656033e+01 -3.677813748931405335e+00
1.007823180036311506e+01 3.183595623165601296e+01
8.629322302095205544e+01 8.473476369579981338e+01
8.346311645916357236e+01 8.101080037808340251e+01
2.031064312315687559e+01 3.907125596004365775e+01
1.961097191587368727e+01 4.426873946337107846e+00
3.078111302840125063e+01 -6.483158580526822590e+00
8.420432613981836312e+01 8.339853228181199540e+01
1.476177684127765133e+01 7.808369514209676510e-01
1.134290364481637958e+01 3.323523885984837989e+01
8.040923957086093310e+01 8.179071082999995213e+01
2.749296639007778253e+01 5.797356358567177459e+00
6.497383079569456044e+00 4.370038848378713681e+01
1.926571697509353243e+01 -1.953496637788884271e+00
8.919825391553384009e+01 8.825273580725888678e+01
1.565444176003660637e+01 3.465828012499294886e+01
1.489008645289702315e+01 -1.227783937536954806e+00
1.667451093191762723e+01 3.872913160889533657e+01
2.100102827398268701e+01 3.525749180479464684e+01
1.363493277166466200e+01 3.593904115044694692e+01
1.527353364417326453e+01 2.799985635605733592e+01
9.722556889686224224e+00 7.817963100185364667e+00
1.757377480865429220e+01 5.630511043989040232e+00
8.059863626329099873e+01 7.825838899784319835e+01
7.417870568914266016e+01 8.235449686146408510e+01
9.600890220715937673e+00 3.739024601091207956e+01
7.648097113878623077e+01 8.220179262420082011e+01
2.582682728695450791e+01 -1.048732296698995725e+01
1.159900214657337791e+01 4.077481978880508251e+01
1.967585234872938926e+01 -1.254110609196857240e+00
7.594782342798866637e+01 8.906274084113918832e+01
2.101571712960162586e+01 1.501210244164077334e+00
1.967152471316533635e+01 1.046901147013358013e+01
9.373120718557109043e+00 2.573793841165536378e+01
8.491961198551788925e+01 8.538251491957949213e+01
2.124192947028614853e+01 5.338090060514925739e+00
9.889989008012742389e+00 3.467364827083770251e+01
1.556306843518691707e+01 3.512587175345230861e+01
5.577990913665826334e+00 4.399729542397706439e+01
8.501698006954974574e+01 8.175770087517797435e+01
8.908616544037023743e+01 9.179797312034691004e+01
1.872366004539545514e+01 3.849306315252099608e+01
8.275267905382041533e+01 7.896424957070496475e+01
7.568735463904734218e+01 7.667264411705249927e+01
1.217290491714023482e+01 3.014314537708507302e+01
1.871625736532249462e+01 6.491441958772242948e+00
2.227730065054752373e+01 7.318423978722754519e+00
2.378263794656492891e+01 9.321348104803616863e+00
9.972265757670044195e+00 2.810248369616757458e+01
1.266711625849655398e+01 3.569807619775964724e+01
2.372189943925561550e+01 -2.964992630560581155e+00
2.815569906494156882e+01 2.315252398513163001e+00
8.041799311914653003e+01 7.905619492612258625e+01
7.032977438670709347e+00 3.938229306298691057e+01
1.186227106081685534e+01 3.419848410911599501e+01
1.482163964424342950e+01 4.011565179427159933e+01
8.338288419112252825e+01 8.241052508403453203e+01
1.636226739994567581e+01 -4.465303417283672971e+00
7.846992858929706927e+01 7.114833166603975201e+01
9.039233963200796040e+01 8.676996288677253233e+01
8.127834669430342274e+01 8.133520979898479197e+01
1.226088635062727228e+01 2.352074846231047012e-01
5.742368580272938949e+00 2.857642874011549594e+01
1.652102116873592408e+01 4.479666181454106777e+01
1.560905774118985434e+01 1.965151417932787581e+01
8.332727767297234323e+01 8.521452250046273491e+01
1.787673996467637139e+01 3.412364562501154808e+01
1.189874356244881426e+01 4.944260768798196892e+01
1.993962084175132432e+01 2.843670919617201420e+00
7.956363093147837162e+01 8.267755198878536760e+01
1.375792901064536267e+01 4.070437989410822688e+00
1.900196613185074312e+01 1.261207024631129059e+01
1.721174385256597006e+01 3.148262492854236427e+00
8.292725224807156792e+01 8.281524249766533785e+01
2.270310285983211429e+01 3.294013050698708867e+01
8.577105077678916700e+01 8.804874956751655191e+01
2.519253541422188292e+01 -7.571971476472572959e+00
2.386537213238037225e+01 6.502159829346216391e+00
1.404202150403776805e+01 -3.632875544520625333e+00
1.170116273826532094e+01 3.034484006677590173e+01
1.868949325774063652e+01 5.928068751361752042e+00
2.193231890433209941e+01 1.433200319686474877e+00
2.359285132856311762e+01 8.595384850033475743e+00
1.706960862318274152e+01 4.733523189090428573e+00
8.296343688818589612e+01 7.130503489415414720e+01
2.654950619797697442e+01 5.598681786173360209e+00
2.826142638486855674e+01 4.136463644808062057e+00
8.336582296671528525e+01 8.232529739054562867e+01
1.532519807713444138e+01 4.130561150502096979e+01
2.468990040889941184e+01 -6.649416990793412197e+00
1.990709592096527913e+01 8.761315839514853820e+00
2.112847371914384098e+01 -4.822589362887219622e-02
3.355387779273971915e+01 1.270251553977004066e+00
8.023202610339751573e+01 8.084513167852517768e+01
1.872040896406377897e+01 2.623680637683427630e+00
1.792393337185412605e+01 3.051127940579704401e+01
1.647083672436081514e+01 5.552673017578008796e+00
7.636953936699930523e+01 8.567963674515175398e+01
6.848201997205353564e+01 9.209470583281721190e+01
1.176656713127520248e+01 3.415301683554487511e+01
8.095536580254375281e+01 8.644997788454449505e+01
4.924452601222832016e+00 3.041222066237320121e+01
7.656466234215203315e+01 8.601806436158864244e+01
1.315429370191579928e+01 3.848908028607424114e+01
2.003945755992106825e+01 -2.636041238347601734e-01
7.524045310612700632e+01 7.133530387196347533e+01
1.937381650009343304e+01 3.880402673753699361e+01
8.445062757654736174e+01 8.281933969219858227e+01
8.750725517737913606e+01 7.220892203483117555e+01
7.774970412567745370e+01 8.157657407231933178e+01
9.289187065410601463e+00 3.619504104169174497e+01
9.134365351010472978e+00 3.515422390036019351e+01
6.232943631329426637e+00 3.460880549474545376e+01
8.938563973162185050e+01 8.246579143808804702e+01
7.584960807647939873e+01 8.632485827294703995e+01
1.215900179211734056e+01 3.250848081398486755e+01
1.973498250767517703e+01 3.742850355329828460e+01
9.249604341039231770e+01 8.450291094468886399e+01
7.949776030705474739e+01 7.619771858672537235e+01
8.467424262756850339e+01 8.361243676413916148e+01
7.721264281727178513e+01 8.709890715859525301e+01
1.821216275882897406e+01 2.766682372962270264e+00
8.518420768725093239e+01 9.013194583794292214e+01
1.934497728010098783e+01 -4.981322045266727727e+00
2.045245812193627089e+01 1.335651049972055304e-01
8.498102751165514945e+00 3.067683169096531515e+01
2.057518533046897957e+01 -1.290037606846751839e+00
1.923327952459574774e+01 3.060658338410356549e+01
1.258993501660021330e+01 1.574117515572673831e+01
7.293788055863704756e+01 8.435813184892614913e+01
1.176802508951160320e+01 2.852990442518413605e+00
1.010334543356396608e+01 3.992056449855045486e+01
8.144534113492400706e+01 8.348508489139251765e+01
1.878475468022579165e+01 9.088668075639068533e+00
1.916759486964879144e+01 3.187475493172547658e+01
1.484106952353016240e+01 4.391167376968080305e+01
2.142857892599583636e+01 3.257645969944245046e+00
8.261722689741226588e+01 9.522123628272834139e+01
7.707765918811620054e+01 8.732443815255403763e+01
1.938866144799584745e+01 3.732112757010499138e+01
7.901241205008233237e+01 8.574773710410158856e+01
2.218678883843625727e+01 1.180084595662389546e-02
2.981783760306566933e+01 -6.652139810295349953e-01
9.273051942762457145e+01 8.972580689333558723e+01
8.556380095958937204e+01 8.308001058333933031e+01
1.586432746750798017e+01 4.174507731298383817e+01
1.914358319237913975e+01 3.919746149249851097e+00
1.677454731767178941e+01 -7.392012797368021637e-01
1.740022170641394439e+01 4.203174651970459763e+01
7.802769565278310893e+01 7.696313942025363986e+01
1.497555692897009649e+01 -6.350828196994557473e+00
8.074846470229302042e+01 8.352129538208879467e+01
7.438504707996418119e+01 8.285006267416518710e+01
1.033882704153050014e+01 3.402533763440296610e+01
8.543784513587820584e+01 7.063801311870007282e+01
7.797688718562926624e+01 8.801947328242584945e+01
1.780572110827558419e+01 4.427680158811595135e+01
8.452443518484487583e+01 8.555239123586986238e+01
7.735074594794326686e+01 8.086467807958636911e+01
1.931693457136001157e+01 5.002893107620284496e+00
8.055092996657688786e+01 8.602533816600590910e+01
8.348481129415844748e+01 8.767973760159839003e+01
9.889855122346336458e+00 4.045033393951243283e+01
2.369144108112048741e+01 3.159625625590727793e+00
1.779253403034694259e+01 3.808251079241410508e+01
8.656588614846356222e+01 8.340491222828212869e+01
1.172125040944237639e+01 3.990399232625535575e+01
1.725119393401499224e+01 4.279724914579129802e+01
8.192350863585785703e+01 9.116443738846709266e+01
2.308721090452041125e+01 1.870166412899071595e+00
8.557926823799190785e+00 3.921126768160460330e+01
1.298660023963151211e+01 3.253532819431203649e+01
2.785463345843582772e+01 2.472290319877632481e+00
1.135497046326331372e+01 3.255552780667736812e+01
2.618262810822742992e+01 -3.101124385139888417e-01
7.621380662201836742e+01 8.872616351020354841e+01
8.343780544108739150e+01 9.023943943683714508e+01
1.650180823375015748e+01 4.265344317421721598e+01
8.269380436497112896e+01 8.589981722433051914e+01
7.461528187959817160e+01 9.472543790662446384e+01
2.039463194843362004e+01 3.683806581941708913e+01
1.847516806150008861e+01 6.971070298141478716e+00
7.428691461664324436e+01 8.327586519812491872e+01
2.157564349569921447e+01 7.247469469546238940e+00
1.402333264771405297e+01 4.128457906406860900e+01
7.541403236330256732e+01 9.177955157584425194e+01
2.419681873008260453e+01 -5.671660776951355842e+00
5.801356733369137153e+00 3.817640841975949684e+01
1.198746916958538122e+01 2.962138796352470038e+01
7.935508060509428674e+01 7.542897031577588507e+01
7.764445678942445284e+01 8.209379457005279335e+01
1.659522605301135201e+01 2.957616507279161411e+01
1.089189366980780882e+01 -6.437720612188064351e+00
1.633236292644849641e+01 3.353745582755762911e+01
8.987884790430658200e+01 8.422814191698600439e+01
1.963273234188448058e+01 3.862108528472276703e+00
8.378028849875461503e+01 8.543090851036807010e+01
8.977470039616275699e+01 8.867613451241592770e+01
2.504967161922494867e+01 9.222202825204313115e+00
1.156914861281275009e+01 3.276482726812501767e+01
8.502831948019378672e+01 8.488261529978082365e+01
8.629049666637990867e+01 9.135252423975762781e+01
1.670662348604978931e+01 3.680285148581565124e+01
7.898766479730588230e+01 7.857113232486692311e+01
7.781659708957158728e+01 8.470654904451953371e+01
2.577855124476350923e+01 1.113491377095063228e+01
1.802423193798988166e+01 4.516489516913441804e+01
5.943083944431350574e+00 3.623397098759044610e+01
8.359350263185748986e+01 9.521946605662074603e+01
1.418310714465375533e+01 3.658391443058638259e+01
9.024957570089615899e+01 8.670248278275532527e+01
3.009487886570381932e+01 3.971517930716731204e+00
8.206944269529348901e+01 8.829833614778165440e+01
1.731213220234170791e+01 7.007465001912937197e+00
8.010900199461813997e+01 8.581383375433243543e+01
1.736429242162959952e+01 3.015855648912320319e+01
8.596701504648325454e+01 7.953476953743678735e+01
2.260600351623479298e+01 8.333223751766238863e-02
2.301751532801012701e+01 2.769847066958396997e+00
8.273926559891172872e+01 7.744641264319498930e+01
1.423108704786645795e+01 3.638701971153751380e+00
8.728534725474385425e+01 8.460288211181998008e+01
8.519592401965054762e+01 9.093856637287352385e+01
1.546184499655308464e+01 6.400768616862292149e+00
1.060700356935261723e+01 3.832430627130171530e+01
1.788370067553783826e+01 1.180934586144231524e+01
1.411601733766904410e+01 3.223855076420187515e+01
2.736940223645095216e+01 -1.447941763686862338e+00
1.397534659477643970e+01 3.235685122286089666e+01
1.841290498032671508e+01 3.800148690791746731e+01
8.746098300690383098e+01 8.289754737268468432e+01
8.496750513091750179e+01 8.021749735008822313e+01
1.630894585663979512e+01 2.275739077695638102e+01
1.543913994505061282e+01 6.045539304189518681e+00
8.728974601998416460e+01 8.699330375402554694e+01
2.104390928424282947e+01 -8.142110788093665619e+00
8.414900481341642546e+01 8.215128217523098897e+01
2.025518490428323659e+01 1.222985920738104504e+01
9.916070701371141993e+00 4.291954018372725699e+01
2.607651894829427164e+01 4.681942645232311406e+00
1.758951515659455822e+01 7.870839028370637536e+00
1.697881855920801186e+01 3.883258141410269815e+01
1.427355237820819944e+01 -1.408163423224191391e+01
8.248193413518447414e+01 8.263726463862379035e+01
1.097412892853453670e+01 2.663753802637218016e+01
1.672278463175324603e+01 1.750887000603342791e-01
1.424012354536997371e+01 4.664175659792422124e+01
8.880462483887136216e+00 3.031721058317035045e+01
1.600518756388616737e+01 4.620217361701956804e+01
1.745532097429693863e+01 4.024752838878496419e+01
8.310604867927035855e+01 8.430607519703181651e+01
7.434611175359370883e+00 3.146525038086999615e+01
8.465520795243955376e+01 8.605574045513988324e+01
8.725247539083218840e+01 6.971064441306056381e+01
2.548660667295255422e+01 4.105410646745484726e+00
2.415666694120209357e+01 -1.216508676737881700e+01
6.977894052014646320e+01 9.159003247578823448e+01
8.649085162497235046e+01 8.110458481492321425e+01
2.060703874761906462e+01 -1.161268171897429369e+00
1.096953997331746145e+01 -1.988698072376201331e+00
8.602073947099984252e+01 9.581493508837608886e+01
8.847258223317784598e+01 8.569347088675688440e+01
2.720699268862031772e+01 7.871751392726825891e+00
8.112665812503173868e+01 8.918604860147399904e+01
1.755009225680988294e+01 -2.993126708041129902e+00
2.259772347740788945e+01 4.828526901375636271e+01
1.413929570426941318e+01 3.629436568125411355e+01
2.028634689358213805e+01 5.238471657018992644e-01
7.810174936263378243e+01 9.049230524142099341e+01
1.588899602422992352e+01 2.549259671367988922e+00
1.538565121331939523e+01 3.244666472234639798e+01
9.989987276570102992e+00 2.724710662616901402e+01
1.839762609056441889e+01 3.593897452196438280e+01
1.683567763461727296e+01 1.014935217176672921e+01
1.331350455511708653e+01 3.075595146053815654e+01
8.398275291842716683e+01 7.700362035032101460e+01
-4.183227123883176191e+00 3.851664900195876129e+01
2.238908681341965234e+01 -1.751910615097104440e+00
1.289165287074082578e+01 3.569233329130269539e+01
2.112429020866920482e+01 1.277739576058061211e-01
2.486504744126350985e+01 -4.521610954429383433e+00
7.250472703183094225e+00 3.582108354581569643e+01
2.499090337824453911e+01 5.120527537503052784e+00
2.456669448740253969e+01 -1.991064960061305733e+00
1.914854961706384984e+01 -4.558363683111642750e+00
2.382830862666056504e+01 -1.798856463976288289e-01
2.500598007496526520e+01 3.800000785124788649e+01
2.889428958435705397e+01 -5.491244894994279591e+00
2.623916590660730463e+01 -3.785084524268071071e+00
7.616294263931790454e+01 8.098130509824758860e+01
7.911990507438979137e+01 9.055897989323396757e+01
2.095133565253608765e+01 1.340143320058815313e-01
7.922892292005499826e+01 8.801371900013373306e+01
2.078146828477935060e+01 4.036554781360246835e+01
2.592631859992901511e+01 -7.943301161625262452e-01
1.445605557151520415e+01 3.069080801444978945e+01
5.164353793258792180e+00 3.497651912859484469e+01
1.869730900061166778e+01 4.783402655206697496e+00
1.946564775496881339e+01 2.602210149150054441e+00
8.045588497181752530e+01 9.004624883397828228e+01
2.662654475677546628e+01 3.066533128885349235e+00
5.803487769530027762e+00 3.632037563344749032e+01
1.184359575919216923e+01 3.138540824834657528e+01
2.023621400110974022e+01 -4.837451089366920698e+00
1.147117815673315100e+01 4.277500845604118584e-01
1.705729502942575593e+01 4.102005613034791764e+01
2.091911300611065982e+01 8.672307961904557772e+00
8.126957546856476711e+01 8.079580018017028920e+01
7.539459535042216487e+01 8.433417859570545261e+01
1.124546965121971809e+01 3.988410571017585937e+01
2.162641054645856187e+01 -4.729099729895732906e+00
2.098154559551162990e+01 4.777926291889881583e+01
1.710501505166752167e+01 -5.685731635946509321e+00
3.044876578877138584e+01 9.154786501167276214e+00
2.776980506664751758e+01 4.270880596522323103e+00
8.319628859729998283e+01 8.198678657792376612e+01
8.547638270494553581e+01 8.820392170332853254e+01
8.553732419531472431e+01 8.961703264344338038e+01
4.447057001103454255e+00 3.352426606475780346e+01
2.308259939604374011e+01 -3.268441763026465274e+00
1.889003209542056183e+01 3.602993619403775050e+00
1.496693082448713774e+01 3.366640229333111023e+01
8.185463058298945782e+01 8.355292250858995828e+01
1.712220832927385317e+01 -2.891407344851446126e+00
1.500641451942069970e+01 1.408199313278183817e+00
2.184762089271694663e+01 -9.326942484626743024e+00
8.397442563643356550e+01 9.226635309490056613e+01
2.228919657981551694e+01 1.320343279142822013e+00
7.848695257582687645e+01 7.956232045268512820e+01
1.498953543913462028e+01 3.613365984431386835e+01
1.356114425063465134e+01 4.393758498622728581e+01
8.191363711666292602e+01 7.994185109483441920e+01
7.668171616666816703e+01 8.727846320813092973e+01
8.247023417901463915e+01 9.100534146820895387e+01
2.143783038554106568e+01 3.778644081027385937e+01
1.953347540891123657e+01 3.928588132384584242e+01
8.295013725274066019e+01 7.576807452880575511e+01
7.979033634238915340e+01 8.123553317488554626e+01
2.345460701246724255e+01 3.954030808115375351e+01
1.300404928245766634e+01 2.097932076425805370e+00
2.716022626103812954e+01 -8.052669741402906922e-02
1.931695960758080588e+01 5.570765806596344127e+00
1.526139669125556786e+01 3.150598735152492935e+01
8.081116774827317784e+01 7.946953946484812548e+01
9.740679266036398332e+00 1.086506678467885223e+01
7.877832268697357421e+00 2.856080239825961087e+01
1.802840722718916666e+01 3.959061670719997750e+01
2.002959021137260720e+01 -2.086218789588719424e+00
1.454579743739459907e+01 3.054970180888713216e+01
1.221257274344554489e+01 3.108441055368770023e+01
2.418334187251362621e+01 4.757981131010006948e+01
1.708519715630700020e+01 2.602029071288027851e+00
6.795733477302674075e+00 4.133535276887424459e+01
8.427786903074051850e+01 7.592953384510900605e+01
1.591162856868391273e+01 2.707230647814790103e+01
7.951430748948885707e+01 8.371323036091580150e+01
1.406290438751503480e+01 3.656633125239972060e+01
7.698277637650082283e+01 8.658768939043149260e+01
2.589070523869691343e+01 1.358187399476239232e+00
2.961488774274291558e+01 1.155556787420985998e-01
8.898977242267905297e+01 9.652683845423003106e+01
1.440452431362622576e+01 3.625478406848723978e+01
2.867778424944734539e+01 2.076770187258102141e+01
1.434372086367055843e+01 3.160495835124376640e+01
1.750006977044537138e+01 5.793283378135523520e+00
8.933671138394956301e+01 9.166802214436494012e+01
1.677060106644452020e+01 -4.936511587167280446e-01
9.005965155587978188e+01 7.655728536849589716e+01
2.012662085112827981e+01 -4.406667173866551046e+00
7.483973506318051250e+01 7.985327416011854496e+01
1.782643442446976323e+01 3.600136553409011242e+01
9.261424487307203890e+01 7.262667247639124923e+01
2.509271767102422501e+01 1.098480431026476190e-01
1.594970617331835783e+01 5.159295417132302219e+01
6.958402437410541985e+00 4.392194145065516864e+01
9.905638223764833938e+00 3.810943939532567981e+01
1.110919953325706544e+01 4.796472708647475258e+01
2.003150311023690122e+01 4.655697238279372208e+00
8.332455323770380673e+00 3.818772739686437490e+01
1.988665181420736161e+01 5.722248359887825764e+00
1.958162746549287547e+01 4.980446886096414616e+00
1.141256690161724308e+01 3.232573367430338607e+01
1.495173393577245236e+01 4.239864806993104196e+01
1.921427642404108838e+01 7.959450375163589442e+00
1.088285297973303400e+01 3.974142457576596854e+01
1.964635162692262327e+01 -1.786973607290432753e+00
1.120614546227516861e+01 3.307780232931693121e+01
8.465093155577194750e+01 8.637288256514432305e+01
7.619557685569236583e+01 7.587162743068519433e+01
2.219276425216074600e+01 4.041875935104155548e-01
2.146146627171689047e+01 3.732219838140870394e+01
1.933286019598027039e+01 -1.882903168990875287e+00
8.303683872584576875e+01 7.776943580064833839e+01
9.420767716791981883e+00 4.026764551218945343e+01
7.386111261615054957e+01 8.545944336364169658e+01
2.035348292119243041e+01 6.582406601896943599e+00
2.064515388174165977e+01 1.232890357133684445e+00
7.161757720370462721e+01 8.485145251097910091e+01
8.463845897471146884e+01 8.720061652030275923e+01
7.695615563204245291e+01 8.443667069804313030e+01
7.626699586838802247e+01 8.643066561631313505e+01
2.352528485967711802e+01 1.033787300294126688e+00
7.884608111765152216e+01 8.510825031280370467e+01
1.868502261670229814e+01 3.340033553048807846e+01
2.399754990880373029e+01 -4.089240817467746147e+00
2.090003375868186097e+01 1.128119274681149165e+01
8.428354518173938459e+01 8.105802681331077508e+01
7.984083311520065784e+00 3.474928218010256842e+01
1.563243903906300680e+01 2.306225260672675859e+00
7.560134422885266758e+01 8.272801864189857213e+01
2.526682821926315725e+01 8.762582450572711679e+00
1.455864382588636019e+01 1.131308941708912741e+01
1.468235467344383771e+01 4.309547137204147305e+01
7.770157316574409379e+01 8.503001167148237016e+01
2.492129589121185163e+01 3.126236474053898462e+01
2.166409221364705218e+01 -3.476699657351455031e+00
2.390219816230191441e+01 9.218271847113474138e+00
2.242141131357975325e+01 9.432162009799149871e+00
8.521047293998148575e+01 8.581365883294321861e+01
9.269554302738799834e+01 7.115521526565305521e+01
1.219151794603892469e+01 4.312598991520349756e+01
8.256676014307718958e+01 8.036325935367351292e+01
7.608342642519420451e+01 8.890874802107413188e+01
1.504077431119127084e+01 4.026586036447610439e+01
7.598582351358645326e+01 8.175770374228962112e+01
1.530793323577354492e+01 6.814604086341249811e+00
1.443725760204325859e+01 3.983954626686612954e+01
8.956750532129410303e+00 3.957742350114563834e+01
7.889026091572573307e+01 7.913588392308291475e+01
1.706681284525799569e+01 1.317368152282207916e+01
1.113412015694269996e+01 4.013059781386755986e+01
7.569358014058124695e+01 8.397099386525071907e+01
1.371218438608531898e+01 3.822251020625743934e+01
2.177833334264477827e+01 -2.407522273188437367e+00
7.338746487956343856e+01 8.150226604348057435e+01
2.857189494021416465e+01 -1.229895623225059076e-01
2.078464163021754274e+01 -6.055868650127539610e+00
1.170724670499794762e+01 3.651701398707702850e+01
1.665910873929783165e+01 7.053952836096412327e+00
9.285593929439092165e+01 8.294342456973716082e+01
1.218726710600882512e+01 3.401300221711922234e+01
7.847218694127751348e+01 8.869824077016515673e+01
2.393146632710040933e+01 4.084766835537787522e-01
3.377266675706940191e+01 6.094363602137767622e+00
1.668110078096710325e+01 -3.714018975770725817e+00
7.765456730535433394e+01 8.865346875292088669e+01
1.838511245435087815e+01 3.644345557042382211e+01
8.122489193483713166e+01 8.747358624182832898e+01
1.732000697282655821e+01 3.862188632047014636e+01
1.052799496589167561e+01 3.314901389095460615e+01
1.373948843531218245e+01 3.797735484482146973e+01
1.656569963148453795e+01 4.204102915288504505e+01
1.529756611719642478e+01 1.886072942477839076e+00
8.835102023880946831e+01 8.149981740319222467e+01
2.734246217157609493e+01 3.831204295011844341e+00
1.954543335238803436e+01 -4.404608552075510275e+00
1.468311883218730785e+01 9.035736903892821914e+00
8.368260171293752592e+01 8.225741057519519472e+01
2.149275613205919200e+01 1.620475487312879270e+00
1.816112106329812192e+01 -3.381249840325982525e+00
1.740145878562721649e+01 -7.787124511119229986e-01
1.184952454965843671e+01 3.819009468759446690e+01
7.160936110250398201e+01 7.295332611430619352e+01
2.289304150479691558e+01 -2.557022612967010389e-01
7.240233509806921575e+01 8.540214364837488858e+01
8.889305290502957746e+01 8.674106312122324880e+01
9.781612912662476234e+00 3.235187968612510190e+01
2.448440970399783012e+01 3.930969938298980448e-01
8.145209415287474997e+01 7.491392878315137693e+01
2.250965547119038490e+01 -5.540748938448494698e+00
8.557110586427275223e+01 8.396403037513869094e+01
3.274353858392707650e+01 -8.763054322817973585e-01
2.085227613776299904e+01 5.172761506767713513e+00
9.443971546524423388e-01 3.244233647702796475e+01
7.655961225755285682e+01 7.850655264845197223e+01
7.633306137339155839e+01 9.035150209043956693e+01
1.102620849802650049e+01 4.609356834103958356e+00
1.616613661118706347e+01 -1.789669088357324078e+00
8.352740267193843238e+01 8.713996792628302046e+01
8.928209542775867646e+00 3.046739850872592825e+01
8.326438185067570430e+01 7.801043567785870891e+01
8.261549842206198946e+01 7.065991877089452089e+01
2.509417962313023054e+01 1.273840405329891290e-01
1.320573723056035753e+01 1.061793068706157417e+00
8.028538765456775650e+01 8.461445425724203062e+01
8.651128482247119678e+01 7.943503748683613708e+01
7.620859796364386796e+01 9.046047062169981245e+01
8.158512171875142371e+01 8.538754387388992484e+01
1.476624550326173946e+01 -8.975477845843791158e-01
9.099905160572845375e+00 2.792570585657865934e+01
7.960496954568900208e+01 8.769574605546202406e+01
1.744778615981246972e+01 3.058232831651910288e+01
1.589295941119709887e+01 1.636319177040017792e+01
8.262442646210261898e+01 8.313518038238473196e+01
1.365899525025213990e+01 3.699092366742699767e+01
8.185287991338772429e+01 8.608296288226318893e+01
7.705058674471327151e+01 8.092460946037385838e+01
9.072818668923185115e+00 3.440745441789697878e+01
1.961131492570911306e+01 3.766139939625614375e+01
1.534233900428477781e+01 1.712992023564359867e+00
1.550544108871681814e+01 -4.867517237508410588e+00
2.014295419084101724e+01 -6.291295842732090193e+00
2.670709748375157488e+01 1.875937522936105495e+00
8.796254176209602349e+01 8.817716230049322235e+01
1.429606683366974096e+01 1.083175563305615796e+01
2.575997995251509209e+01 7.565682476661779177e+00
8.212058066870181960e+01 8.261981899017332864e+01
1.954568065557247536e+01 3.331307311205525590e+00
2.337926045727179769e+01 3.096893788901053490e+00
2.352446240014489121e+01 7.522481860978298407e+00
2.854496480493971333e+01 -1.918289144178265460e+00
2.102308826847123058e+01 -2.762703547306752938e-01
2.537033821322558680e+01 5.747898154672757443e+00
2.651941185097772546e+01 -1.664932624401351813e+00
2.316584949580154174e+01 -1.059032095353775738e+00
2.275810428859653456e+01 6.898116745115727255e+00
2.598131003052711563e+01 -7.095619684658316828e+00
1.944863608777662023e+01 3.122200762478278691e+01
2.658759299152039191e+01 3.714756450523882592e+01
1.857394936966739607e+01 3.212203914129295157e+01
8.176141966434859398e+01 8.610364146030725863e+01
7.274825277544526614e+01 8.530497839311723851e+01
7.986514357742500181e+01 8.750602565261532106e+01
1.944953346867244193e+01 3.791990150857679964e+01
8.661519113211002718e+01 8.331955373959175404e+01
1.805182282809956718e+01 5.277386268246027967e+00
9.008324005440466919e+01 8.866673256198447461e+01
1.464309046185244512e+01 3.734630391160464313e+01
1.015683002363331155e+01 2.938832664520660387e+01
1.841408757581739764e+01 4.531687650597760353e+01
1.146423037385742738e+01 4.206506273371017102e+01
1.401704412721158732e+01 3.903587797731807285e+01
2.256802512238238378e+01 -5.479746744124379454e+00
1.871282045077711231e+01 4.175543482570564890e+01
1.527354406929646657e+01 4.323690418481148612e+01
9.117369553155744200e+01 8.059763036409185588e+01
1.740470944035839196e+01 3.415596453660147347e+01
2.146627419306615892e+01 9.871951359148010141e+00
1.899445618278125636e+00 3.806653493238737695e+01
1.931957358658738144e+01 3.322531956479183179e+01
3.935105851707836777e+00 3.482861936623293531e+01
1.027642050402403306e+01 3.607793027243830153e+01
1.470372600514012262e+01 3.149318090410780258e+01
7.074520798228877538e+01 8.099090760674782530e+01
8.519414700714348143e+00 2.983776139671832084e+01
1.566847302859998337e+01 3.294100492143282111e+01
4.302779352733008267e-01 3.641546259137688679e+01
7.685069249032002858e+01 9.025675611522139263e+01
1.133919556670833373e+01 3.369489551893840940e+01
1.847931310528132798e+01 3.671401140139037267e+01
2.088360966927152162e+01 3.392282009418532418e+00
1.171427972204765666e+01 4.207435067832114584e+01
1.915925903119598317e+01 6.170586604165376521e+00
2.379840797814212294e+01 -5.494744260209346365e+00
1.790904954357602463e+01 -5.828888478534253181e-01
1.177358478571754929e+01 -5.397225729138707351e+00
2.036236534604568149e+01 -2.076335579126348030e+00
7.965001414051056372e+01 8.433459016365013383e+01
8.449261859211819115e+01 8.104844204833298704e+01
8.578891921998373959e+01 7.893259080684102003e+01
2.503577357622373256e+01 5.441029252307769681e-01
1.190758657416987631e+01 3.082800621461536394e+01
1.801914161761446209e+01 3.649379376382558604e+01
9.399562095393223160e+01 7.995838115984160765e+01
7.293228113542729929e+00 3.227501311577022847e+01
7.952424805814942488e+01 8.478535677557916017e+01
8.038900917047632788e+01 7.515012174622722796e+01
2.240239974202619777e+01 3.352332398763668664e+01
7.783872059192951554e+01 8.915199506564691490e+01
1.117286949876220170e+01 3.565194164984733760e+01
1.376513600234329360e+01 3.644987382441362911e+01
7.338938110365646139e+01 8.985368430107843096e+01
2.034990115538965227e+01 2.880470136463828013e+01
8.272114179492348285e+01 7.924116506326765830e+01
2.225626601248701419e+01 3.932282209428735076e+00
2.347831557634231814e+01 8.285358990069962459e+00
7.930117139568173457e+01 9.053798456754013557e+01
8.088808266707430050e+01 8.405404819896261870e+01
6.149644867410902549e+00 4.053131803311476489e+01
2.032083218196992291e+01 -6.232275512615537139e-02
1.711231740359117381e+01 2.520850182788709759e-01
7.479036405393561893e+01 8.622747979703228793e+01
2.816304892404435378e+01 -5.169184513734458086e+00
2.233029460476804218e+01 3.347614970962035130e+01
1.628005565293564416e+01 3.175322196865255009e+01
2.113818182747971619e+01 -9.808505070057211839e-01
8.619162213480588974e+00 4.653955632706348666e+01
2.353504995062982630e+01 6.566368161467906361e+00
8.027643024232983748e+01 8.575767538769592591e+01
2.336829538953481489e+01 -4.597294836661936834e+00
2.252466883552189358e+01 9.081994378267378210e+00
8.229734376205988156e+01 8.135565021747154901e+01
1.323799180140409604e+01 4.017241069386793839e+01
1.337677994941502568e+01 3.052251643001675419e+01
1.457489153226544687e+01 1.806232414311377266e+00
8.378013949987163755e+01 8.563389983695367391e+01
7.887304720283628967e+01 8.290687302016998217e+01
2.486595211187779597e+01 -4.176743357512117782e+00
8.311419270909408397e+01 8.909736751165876001e+01
7.986576475500496031e+01 8.471932043283153746e+01
8.208682839591079983e+01 8.738936159773697909e+01
1.855141935074762216e+01 3.169507320820007301e+00
8.696364683105504412e+01 8.629980504905418570e+01
8.100297245534281387e+01 8.559588714876002769e+01
8.309892276591749294e+01 8.624334626690192351e+01
1.498745987107970379e+01 -1.159880096889076118e+00
8.125823545713093665e+01 8.723307205979303092e+01
2.940396678843991651e+01 -6.977472222729690365e-01
1.198441341839681762e+01 1.459718286615055405e+01
2.180353900074869600e+01 -9.162430905093067679e+00
1.640829204676233743e+01 5.079878294352539569e+00
1.082047084787368263e+01 3.789734415243873400e+01
1.961176219798418430e+01 1.714625728530199567e+00
1.201835283524724218e+01 3.030712938174533733e+01
2.657481362428792693e+01 1.782558974322941125e+01
2.025434777225099836e+01 3.859983570034376754e+01
1.594438093517049992e+01 -8.368634296410784046e-01
8.146910583848024245e+00 3.895083307113105775e+01
8.453154822544354374e+01 8.956299204080805509e+01
7.567970841733242082e+01 8.173160980247187979e+01
2.419074249496694051e+01 -2.286889828960842586e+00
1.906048428236352521e+01 4.000997657962390264e+01
1.617119404295116780e+01 3.549305756564692160e+01
7.736971500099642185e+01 7.531676804270757941e+01
1.895861534024307460e+01 -6.454338128344129899e+00
2.348287564528148863e+01 3.773243775272174805e+00
2.329630623637275022e+01 3.834508453411655893e+01
1.472786557066256030e+01 3.577496492117180082e+01
8.286123657819335619e+01 8.583860991794918505e+01
1.216154800764000754e+01 3.789410587351972737e+01
8.484967129979870037e+01 7.746167424740566787e+01
7.058977310169846930e+01 8.156226187076032375e+01
1.539245851813664068e+01 3.293346349783246296e+01
2.086827833126914200e+01 2.763967570574200749e+01
8.669612033564460774e+01 9.251848810870475859e+01
1.961706328245685427e+01 2.179069828802278952e+00
7.267774534390376573e+00 4.053307827353378912e+01
1.754889674764297780e+01 3.932153831806643751e+01
1.303341454190292836e+01 4.704248299385280774e+01
2.406332552387420876e+01 8.035959713391342518e+00
7.609735777447207283e+01 8.886276238502837543e+01
2.902943008703661576e+01 2.876312155024847605e+00
1.883863258977833155e+01 -4.572831404946754219e+00
2.405169085865878031e+01 -1.241121377252939695e+00
8.833921169149485308e+01 8.107694632989296224e+01
1.302744884284528659e+01 3.890724571345986504e+01
1.057778804814516072e+01 3.706097335284547967e+01
2.715481520527250225e+01 1.513750453557468623e+00
1.156135095100420784e+01 -5.794153825491827448e+00
8.638100813149065971e+01 7.859931657101078883e+01
2.214950731743630641e+01 6.938420842054015658e+00
8.649143390892589878e+01 8.868876607706324933e+01
1.554788937956450212e+01 -3.022041330720284691e+00
1.972200812691946226e+01 -3.941882316767468808e+00
1.420188446211201772e+01 3.933099435620329132e+01
2.574550806586841389e+01 3.135059801353852293e+01
1.272308133241478245e+01 3.550467048218739308e+01
8.948092432144223096e+01 8.231510662760443608e+01
1.718881787010518281e+01 2.523045382631330380e+00
1.505163018118263096e+01 3.780053463401913838e+00
1.576432568178317339e+01 3.570597656673880493e+01
2.152032697429616803e+01 -2.621387874331098544e+00
9.729478341195051172e+00 4.225841625394880197e+01
7.230402618518786539e+01 8.993273842357874059e+01
2.470190675459003415e+01 1.621780037190638790e+00
1.521168315022808315e+01 8.677704484083802683e+00
1.627178346637829520e+01 4.246445122088944402e+01
7.657981681522136341e+01 8.221431406297300271e+01
1.386000032693163675e+01 4.212225960672028435e+01
2.220447586901459047e+01 6.660379177716357901e-02
1.914536441059026828e+01 -2.561467688174051460e+00
1.936187203999551443e+01 3.357933615340328259e+01
2.292816917015628775e+01 3.005753454417008808e+00
2.267218226917932000e+01 -3.592504114393304526e+00
1.457803932201574781e+01 3.842719897918131267e+01
1.124344173721498130e+01 -2.058422555131915743e+00
2.356313969276840581e+01 3.687245864940623363e+01
1.869017050133937374e+01 3.967192786539660432e+01
6.008316207515809637e+00 -5.148429219428267700e-01
7.635220415961578055e+01 7.818206946184008643e+01
1.640544375563350599e+01 1.265032934211164850e+01
7.860365359247717265e+01 8.088961276773950715e+01
1.596023283395601666e+01 4.126962639550974643e+01
9.159433902277127970e+01 8.413067824685451512e+01
7.278115526961643766e+00 4.424794174084246379e+01
2.753740826812960307e+01 1.228531045551736200e+00
8.096556288627454023e+01 8.451233202741846640e+01
8.667176321357536040e+01 8.695603905135187972e+01
2.138413410822151306e+01 1.131125585398988420e+01
1.596041390603259025e+01 -1.228766409329331566e-01
2.023970379009726273e+01 -9.198572011959198491e-01
7.803403501238356910e+01 8.644816490080417282e+01
1.005546837941608551e+01 3.964578028083289496e+01
1.333585313323646915e+01 3.124654236412396457e+01
8.326595631228533989e+01 7.966005349947974423e+01
9.800612518592501488e+00 3.857077150948744304e+01
2.472905145729686893e+01 5.550167271579568684e+00
7.735647199832401100e+01 7.993705071032563581e+01
1.603268315923500609e+01 3.770545534966328916e+01
8.108168305432744205e+01 8.703884478499236366e+01
1.194072672693854287e+01 3.413798008184171806e+01
2.407661138981322324e+01 3.771358778372191356e+00
7.819541620923523340e+01 8.105559602809283604e+01
7.499179692379709650e+01 8.296721515009394921e+01
2.004957511377653390e+01 -6.235499167778348450e+00
1.661260373507036547e+01 7.948626323330842069e+00
2.270584647698544245e+01 -5.925728962700858915e+00
2.019292705158355972e+01 8.015983991967614575e-01
2.461036970248530764e+01 3.569123624741871481e+01
1.375823354470967530e+01 1.035056526968662904e+00
1.821337171852591652e+01 8.454801890748417037e+00
1.460558987727030456e+01 3.208178053405868724e+01
2.069399414861689479e+01 4.718636465119070067e+01
1.024234913623316245e+01 3.370479336643237644e+01
4.929570884893317739e+00 4.855230085557339237e+01
1.032568986044847392e+01 3.724455885443493486e+01
7.541011345581931380e+01 7.902226202466908944e+01
1.976422486925522648e+01 3.879117782745820975e+00
1.370343583973294166e+01 3.916289415420276043e+01
1.986234302731350354e+01 3.056041104577379031e+01
1.373980571402218054e+01 3.193355989296603781e+01
2.152782425816184997e+01 -5.664919665310756969e-01
5.021395345506794783e+00 3.423584957882989244e+01
2.966231017518509461e+01 3.229011423902574229e+00
9.866445815679714570e+00 3.773653490498127638e+01
1.992912977461385182e+01 3.707240646677592011e+00
1.790755686629390198e+01 8.330880963710207254e+00
2.558659242395099653e+01 -8.077781958819311825e+00
8.257167877899175323e+01 8.550407496735962809e+01
9.799803745640815578e+00 3.232843600857451349e+01
9.310982649087961249e+00 4.000276010064037280e+01
1.148283399764820700e+01 3.821622712538714950e+01
2.526626534001148627e+01 5.229694025693625292e+00
1.351420156795009930e+01 3.175702453705864059e+01
1.433572671561318757e+01 3.537790862691952753e+01
2.966611430613596667e+01 2.353088134707749024e+00
1.264578821568823663e+01 4.248777772354041815e+01
7.752636354352081582e+01 7.997687622076874447e+01
8.876984397276505234e+00 4.051591647365400206e+01
2.614380254870383169e+01 3.359576466048811660e+00
1.453581813075799190e+01 3.097047227552740267e+01
2.269414371975693001e+01 3.110719080330340347e+01
1.533975146603216011e+01 7.917977629344456147e+00
2.289012521634567321e+01 9.508362036804482997e+00
1.577604169260304090e+01 -4.036007405294555817e+00
3.027203955157027337e+01 -3.209169810065821693e-01
1.935087955902312018e+01 3.567248024298614872e-01
8.112809211701247136e+01 8.138470955083117531e+01
1.109987507138702867e+01 4.002551736000558691e+01
8.361418756748659575e+01 8.201089896441177984e+01
1.095416065645163961e+01 3.885617578593814869e+01
1.075670458414169950e+01 3.770078133624843986e+01
9.361233084796597836e+01 8.278253231009239244e+01
6.911781277296032044e+01 8.334209203811735733e+01
8.199573128215503459e+01 8.541780877296467622e+01
2.343451407194889313e+01 6.771667975419164875e+00
8.723928871250015504e+01 8.217491249091010275e+01
1.128726989411063997e+01 3.507757778459736642e+01
8.045243127680106454e+01 8.692260085725204988e+01
2.089790105950724808e+01 4.406885471862416637e+01
1.793252202020633490e+01 3.440868155098966241e+01
1.863438881966557048e+01 -2.781481887869850844e+00
3.363490138705641286e+00 4.047296868479784848e+01
2.074599334763875547e+01 -1.372975861131902064e+00
8.644544773482010669e+01 8.701659051659443378e+01
7.975186510434754794e+00 3.012511486980848829e+01
1.807765408652667105e+01 3.952079491633553232e+01
2.164785528102909140e+01 2.876979155803588206e+00
1.144148559878099647e+01 3.784207059773388693e+01
2.837276508212831772e+01 2.126426250902812232e+00
7.963765450686487668e+01 8.429563501196166442e+01
1.424487409738440924e+01 3.263202937676507531e+01
8.220301592139914248e+01 7.556411765889285448e+01
1.304601505809943696e+01 4.238325307906713846e+01
2.837771240005417894e+01 -6.683048844591549909e+00
1.248245246364038863e+01 4.720611191714407084e+01
8.488841620124398446e+01 8.474653231467148373e+01
1.665792483898582788e+01 3.263335504648874519e+01
2.046177610780065947e+01 -1.363747805657943957e+00
1.558737687470047639e+01 4.633172238257469822e+00
1.680835937633540311e+01 1.844619696212331128e+00
8.141095488177703032e+01 8.102702818319758649e+01
2.097518140912993090e+01 -4.211627239116633170e-01
2.152543210316534683e+01 -6.538108291161639940e+00
8.509028040301062390e+01 8.303976434153661046e+01
1.658546936197298294e+01 3.722039805125761802e+01
1.953800416202110668e+01 3.654400346781230269e+00
2.645982432465611112e+01 6.794359529738402514e+00
1.970277091092511768e+01 -3.319080243718184775e+00
8.458247143471852780e+01 7.939744894144273246e+01
1.428366119765253472e+01 3.978213392619370836e+01
2.195790107367868060e+01 3.802487887883494455e+00
1.862227935653447730e+01 -5.960545479371029742e+00
2.112240429849233436e+01 -1.564127261642881628e+00
2.269035339974349696e+01 6.917052040917198497e+00
8.753904037701599350e+01 7.696525221741181610e+01
1.845098328031068391e+01 -1.351436339099172379e-01
1.860848095198235086e+01 4.498799614633927035e+01
8.087251126948490310e+01 8.437027945850506683e+01
8.090832774564884033e+00 3.113983544010917370e+01
8.588068747621399268e+01 8.190472055938424489e+01
1.626052720334407198e+01 2.544138027913097133e+01
1.086222003626245858e+01 3.349697037938856425e+01
1.433220891210412518e+01 -6.148378019737679168e-01
8.983025072210713802e+01 8.675791517027010968e+01
1.923075605180824610e+01 1.997514449578345230e+00
9.062377547679886902e+01 7.859720899519800241e+01
8.848751556611786384e+01 8.951108377577929787e+01
1.670576746622808173e+01 1.355838102868342077e+01
5.747221816377363623e+00 3.082469140328668900e+01
1.079534605592096952e+01 3.498615801537741277e+01
3.029729684356915342e+01 1.697996486174365316e+01
1.608785888099395933e+01 2.636750314294602759e+01
1.183506929783047568e+01 3.658477671522832253e+01
1.120833740190262517e+01 3.722978457493992721e+01
1.040942386917859075e+01 3.641068634841407459e+01
8.560321701677391104e+01 7.841218210589799753e+01
1.125439458657993619e+01 3.479210356496077594e+01
8.199500525293159114e+01 8.387993820607805162e+01
1.565425054016684570e+01 3.821980216980655598e+01
8.763977901080738775e+01 8.096139007340745763e+01
8.414527002540964418e+01 8.265476866618055851e+01
1.099557644447362570e+01 3.012150067132552067e+01
2.369675164718709226e+01 6.414276958212863811e+00
7.821957052894590845e+01 8.489199735301484395e+01
8.243723216441452450e+01 7.779452272694948078e+01
8.266356587916880017e+01 7.397101655436370038e+01
2.426094746682979775e+01 -3.286513197074929948e+00
1.819744588593297152e+01 -1.962712543552318500e+00
2.131389255107704628e+01 -2.748811118533163622e+00
1.077634813331264141e+01 3.272158291539307129e+01
1.005424387311747303e+01 9.080400060095524140e+00
7.621974673465562944e+01 8.865360194546319406e+01
1.792726761394268209e+01 8.855991244889516167e+00
1.698189330514915696e+01 2.999631374655748317e+01
9.628034056067534152e+00 3.823064502612157867e+01
8.107502207065913069e+01 8.418333384705663036e+01
8.793256196623932652e+00 2.720345577972324946e+01
1.900631543929172906e+01 3.597946237094144095e+01
7.237851899982237569e+01 7.600528430969313831e+01
1.756287919605260228e+01 -1.914567372293110914e+00
7.558544168374670846e+01 7.963487784644979683e+01
7.818203297912724281e+01 8.778770835462381683e+01
2.792163619725919688e+01 4.778015668364790258e+01
8.417847498722117905e+01 8.102558377398813150e+01
7.781066135989460975e+01 8.704474842029571846e+01
1.275914857643149958e+01 2.849357624464720828e+01
1.987908996601696998e+01 2.606606837880760352e+01
1.861521673966581147e+01 3.757435052370854400e+00
1.683438792081367907e+01 1.077926349643975712e+00
7.511910985524828277e+01 8.520832314291804721e+01
2.837946797913567210e+01 1.245239567710036965e+01
7.779144375133409994e+01 8.112175175585790043e+01
7.313549855054309035e+01 8.139227179809157064e+01
1.692231424987182464e+01 4.637028271750976671e+01
8.199107720118891507e+01 8.866349280895762774e+01
2.224633089579512557e+01 3.496706169005889109e+01
5.345494935257390168e+00 4.515783851666304116e+01
1.420035074284108667e+01 3.229536497032388098e+01
7.384013950402808746e+01 8.326941611548132016e+01
2.245497549655748770e+01 1.580466383561533350e+00
8.514029969984193258e+00 3.336460652168033647e+01
1.857724954774552373e+01 3.009336023964326756e+00
8.078571172182451221e+01 8.326802877927735835e+01
2.116480645337905742e+01 3.485288821151470096e+00
5.203941529593796744e+00 3.620079268406722406e+01
2.023761598924183147e+01 8.087520627713020716e+00
1.210939237280913261e+01 -1.886455357756660511e+00
1.937218194738792576e+01 3.199865709043953732e+00
2.568409511533095824e+01 2.999820145144531658e+00
7.917665244390720147e+01 8.650708206534376643e+01
1.374449190950250888e+01 4.177140994376932781e+01
1.190454674697872228e+01 3.024470315982867419e+01
8.541784785756910026e+00 4.061041353829475753e+01
1.438475706678672239e+01 -2.015842990769411536e+00
1.193294346924940719e+01 4.487445862733025592e+01
8.726045273455927997e+01 7.701709353609967934e+01
1.579885489645089791e+01 3.348726004196937112e+01
2.044784086960822833e+01 7.216037116126249984e+00
2.015271186055032970e+01 7.648531540385308247e-01
1.277754144921897428e+01 4.008245972759847575e+01
8.104253396841875201e+01 7.935108491891695337e+01
1.593108652526747093e+01 2.453690664971616808e+00
7.232554649375433087e+01 8.649812682974483380e+01
1.818381196164372682e+01 4.550042880615905716e+01
8.227568494059072179e+01 7.849868888352470719e+01
8.895961132322534581e+01 8.833973448277858154e+01
5.725581238934527306e+00 3.937384234213885037e+01
8.498754865788279744e+01 8.086645481552100989e+01
2.040190216216007713e+01 1.674793049622917973e+00
1.829370656582483434e+01 5.028039832600210701e+00
8.470425947705840031e+01 8.408176137133665407e+01
1.319935280090117757e+01 3.189162083930645153e+01
8.248104556883471616e+01 8.273636434994010358e+01
1.456352636106708687e+01 9.831351417679222493e+00
2.959449779803516378e+01 6.690128810556453587e+00
1.742853964911026310e+01 -2.417826466617334802e+00
1.353567435224017323e+01 4.610339703188244442e+01
1.482755920457399768e+01 3.602876944427359973e+01
1.642509984616503971e+01 3.415063784552195614e+01
2.580427875360243206e+01 1.271851223402534536e+01
1.526837298097521511e+01 7.278928460729051864e+00
2.121655071944441318e+01 3.377900037719586024e+00
8.048768881459447755e+01 8.476079752797470235e+01
7.734378263930881303e+01 8.653484534304472220e+01
2.423069650720578494e+01 5.110227961236027738e+00
9.162324851241661960e+00 3.134626988491847399e+01
1.279736153705815127e+01 4.334886778217345693e+00
8.158476079237860290e+01 8.361551420116890654e+01
1.750045776683064247e+01 -4.902708260416098085e+00
2.422887078599583788e+01 6.320070227223171244e+00
1.027305596386695186e+01 3.767471857060072438e+01
7.998612498745363553e+01 7.960517399918644799e+01
5.926323327521116013e+00 3.215951993549729337e+01
1.995666290703079682e+01 3.832553231959377360e+00
2.291086252556313241e+01 -1.527753689732164410e+00
2.165850882097377905e+01 5.508142029220087110e+00
9.942404443946557535e+00 4.726272357050942929e+01
8.032593321831686239e+01 8.326300966514098434e+01
1.100064585658194538e+01 4.061875463798734387e+01
2.908636452420412155e+01 -1.008983309811482432e+00
2.888383655111857706e+01 4.011240063385417898e+01
7.880400577033285003e+00 3.852659157279954627e+01
2.157816205545031707e+01 1.515661746215641870e-01
2.016086959500943721e+01 8.868727048380044664e+00
7.709853601500003606e+01 8.197126589091378435e+01
8.520039288464565175e+01 7.852447464633921470e+01
7.202572180314766115e+01 8.290572026784536774e+01
1.723731942851422616e+01 2.541930921202845806e+00
1.793627921517076018e+01 -3.019473834243861177e+00
1.975765753984229889e+01 1.133665607199811909e-01
8.388778876020056785e+00 3.607646539424692378e+01
6.882516808967527489e+00 3.625115469891080977e+01
8.517390505006328283e+01 9.027250742715574461e+01
6.446872754928383742e+00 2.774432470227504410e+01
7.722228713982988779e+01 8.548257640388239054e+01
2.128328856331717134e+01 -1.775661686210669110e+00
8.063416996280722060e+01 8.906859523478993879e+01
1.054019949421254054e+01 2.968626458025114800e+01
1.715819589361499098e+01 2.668359486126131053e+00
2.335922234467824055e+01 -6.056255030460265587e+00
8.568442375094376473e+01 8.968028635055188147e+01
2.375076102797916988e+01 9.209807600596896293e+00
2.228781371055799099e+01 -1.101481719104084434e+00
1.354839596567529902e+01 3.912463827598796939e+01
1.515382407421083499e+01 6.666242517605962981e+00
3.763190463883450576e+00 3.826823739618370723e+01
6.974484853841802945e+00 3.768135861512566009e+01
1.997456539421449051e+01 1.261533095418551120e+01
7.968910611523533305e+01 7.921508087898440920e+01
8.299904331103036270e+01 8.289729314527983206e+01
3.522522838972895443e+01 2.605254222570833278e+00
7.611568214153513168e+01 8.000982744564414872e+01
2.554917605652084234e+01 2.299730873994646263e+00
1.471682136737215707e+01 -1.280108067978007469e-01
1.647592193661744631e+01 -9.379068823080235262e+00
1.639264109000414038e+01 3.510930613299674263e+01
7.785188401647559431e+01 8.158838195349987643e+01
8.467791128474941331e+01 8.612558978863441439e+01
1.456367006542564368e+01 3.941432246521424787e+01
2.269634003789553134e+01 1.754715030824898658e+00
1.826586685705464319e+01 3.295635913147158647e+01
8.206352423701498822e+01 8.421173403877381247e+01
1.527440646716039119e+01 3.837139342336601544e+01
1.849147709114825844e+01 3.934313604038521106e+01
1.743936250493209528e+01 4.106676915922753324e+01
7.324970702932809274e+01 8.864058147247672537e+01
